1 4 12
2 2 67
3 3 30
4 9 1
5 10 185
6 302 1
7 7 15
8 243 1
9 287 1
4 171 2
4 81 5
4 34 2
10 49 1
11 4 2
12 93 1
13 294 1
14 14 283
9 259 1
15 181 1
16 4 2
17 17 331
18 4 1
19 185 1
4 156 23
20 266 1
21 21 37
22 4 1
23 129 1
24 117 1
25 25 9
4 250 1
4 161 1
26 4 4
27 53 1
4 36 2
28 28 3
29 29 4313
30 30 304
31 31 1
32 7 1
33 4 1
34 34 38
4 157 1
35 4 3
10 45 1
36 4 2
37 37 3
38 211 1
39 122 1
4 113 3
40 40 7
4 273 1
5 221 3
41 41 716
42 103 1
19 19 43
4 195 2
43 263 1
39 4 1
44 165 2
4 16 2
4 253 2
45 45 32318
46 282 1
4 207 52
47 47 50
48 4 1
49 49 985
10 76 1
46 4 3
4 258 4
50 50 216
51 277 12
52 52 1044
53 4 1
54 86 1
55 290 2
4 196 25
56 44 1
57 272 1
58 104 1
59 59 29
60 60 10
49 246 5
61 249 1
10 73 1
62 62 14
63 187 1
64 217 1
65 10 9
66 4 2
67 4 2
68 4 1
69 189 1
34 4 1
70 70 198
71 71 5
72 255 1
73 78 1
74 4 1
75 298 1
76 10 1
30 4 4
77 4 4
4 129 6
7 20 1
78 51 7
4 282 12
79 79 11
42 42 201
4 77 5
37 13 1
4 23 46
80 4 1
81 55 1
4 295 6
82 49 1
83 136 1
53 66 1
84 227 1
35 35 543
85 126 2
1 221 1
59 75 1
86 138 1
87 111 1
88 147 1
89 89 36
90 90 134
91 91 247
92 92 9
93 93 20
4 100 46
75 75 167
94 182 1
95 95 62
4 155 1
96 4 1
97 47 1
78 4 54
98 98 14
99 4 1
100 4 47
101 107 1
81 76 1
102 102 243
103 303 1
104 58 1
105 10 1
106 63 1
107 171 1
108 248 1
109 109 18
110 129 1
111 101 1
75 312 1
112 71 1
113 113 131
114 194 1
40 169 1
4 159 7
115 115 109
39 301 1
116 10 1
117 241 1
46 46 333
84 84 27
118 4 2
119 4 1
120 120 2
4 241 1
121 180 1
103 103 38
122 122 147
4 60 1
25 306 1
4 64 3
123 4 19
124 4 1
125 4 3
4 96 1
4 104 3
4 111 1
126 229 1
127 4 1
65 65 2
128 128 925
110 307 1
129 23 1
130 130 133
15 15 24
131 131 31
132 132 159
51 68 17
8 8 10
133 133 37
134 4 1
11 11 76
135 45 4
136 136 29
137 4 17
138 191 1
42 278 1
76 214 2
111 134 1
111 111 66
139 139 5
104 4 3
140 51 1
4 170 1
141 141 5
142 252 1
143 10 1
144 144 24
4 90 1
145 145 8
4 229 2
10 221 3
10 279 1
76 76 693
92 267 1
146 254 1
4 5 2
4 175 2
2 4 1
4 247 6
147 89 1
148 210 1
149 51 1
4 205 3
71 155 1
10 78 263
4 288 1
4 150 1
150 150 8
151 151 25
152 39 1
153 42 1
154 4 10
132 4 1
155 155 14
78 23 7
4 284 1
81 10 8
72 92 1
156 4 24
4 75 3
157 157 16
158 158 1
78 221 1
20 20 14
145 4 1
26 26 433
122 4 1
159 159 771
24 24 252
53 291 1
160 208 2
161 19 1
49 81 4
162 4 1
4 87 1
4 52 10
163 163 3138
164 164 156
4 30 3
76 4 6
4 1 12
4 4 6115657
165 12 1
4 86 1
166 178 1
55 256 1
4 67 7
167 4 1
157 4 1
168 82 1
135 10 3
169 240 1
170 170 61
171 215 1
170 245 1
86 264 1
19 62 1
78 45 2
4 66 2
4 49 8
144 4 1
172 172 460
83 43 1
4 242 1
1 1 1913
33 33 48
49 23 5
61 61 2
129 10 5
116 116 246
166 166 6
39 39 619
4 128 6
173 108 1
174 174 52
42 215 1
175 175 154
4 188 6
53 102 1
85 85 11
176 4 1
49 4 4
168 168 12
23 4 21
177 4 3
178 178 15
176 176 9
65 4 1
179 275 1
180 234 1
181 181 4689
169 169 47
106 106 20
10 129 1
4 17 2
182 182 102
4 286 5
123 123 2931
183 183 44
66 76 1
172 4 2
184 184 50
185 4 1
96 96 83
5 5 1
83 83 15
39 49 2
4 218 1
186 4 1
187 124 1
188 4 6
189 170 1
190 4 1
4 51 8
191 59 1
192 216 2
193 193 9
194 99 1
195 195 197
104 104 184
196 100 3
4 42 1
98 293 1
4 45 278
197 197 6
118 118 105
4 65 1
5 78 2
198 198 7
18 18 19
73 5 1
199 4 6
200 4 1
201 4 1
4 116 1
202 202 7
203 38 1
204 274 1
205 205 332
206 206 61
158 4 1
53 21 1
148 148 2
4 285 3
207 207 8184
173 173 5
203 203 66
44 27 1
208 208 1542
4 231 1
4 174 1
167 167 98
209 79 1
103 8 1
91 4 1
4 183 1
4 95 1
4 132 2
210 180 1
211 132 1
212 4 22
213 4 5
214 4 2
215 85 2
94 94 13
216 216 22679
117 4 9
90 140 1
208 4 11
217 217 734
10 186 1
31 74 1
218 218 3
190 190 97
62 305 1
29 41 1
72 4 2
72 72 200
219 97 1
77 226 1
5 51 6
4 220 2
4 44 6
154 154 1348
220 4 2
221 10 9
9 9 63
222 289 1
23 65 19
10 193 1
66 66 133
89 40 1
130 4 1
219 219 19
10 81 3
4 163 24
10 51 46
45 4 230
223 4 2
162 162 31
206 209 1
32 32 70
129 129 538
57 94 1
179 179 49
199 199 584
44 44 294
4 46 4
224 309 1
110 110 54
225 4 2
188 188 424
4 125 3
4 257 8
226 226 14
211 211 199
151 4 1
227 103 1
69 69 84
4 172 8
23 23 6194
81 23 1
147 147 9
63 63 15
228 4 2
23 55 1
229 55 3
221 221 8336
84 49 1
132 204 1
119 119 23
230 4 1
100 30 1
4 73 1
44 270 1
109 207 1
200 88 1
17 4 2
196 4 23
216 4 140
4 223 1
81 233 2
4 164 2
73 76 1
4 162 1
231 231 16
232 168 1
141 116 1
10 10 84859
183 4 1
23 39 1
78 10 197
57 210 1
233 4 1
51 51 4222
67 67 443
234 234 40
4 197 1
70 4 1
4 117 12
4 160 10
170 54 1
223 223 69
69 9 1
102 215 1
86 86 59
235 4 1
73 23 8
48 48 22
81 105 2
236 4 1
129 310 1
50 4 2
4 26 5
237 4 1
238 219 1
4 118 1
238 238 22
239 4 1
240 69 1
44 171 2
241 4 2
242 4 1
243 145 1
90 51 2
10 23 26
81 81 788
244 4 1
245 211 1
4 217 10
220 220 120
51 4 2
93 229 1
121 121 24
246 23 1
180 4 1
247 247 600
57 57 83
4 201 1
248 37 1
229 39 1
249 42 1
210 114 1
114 4 1
210 210 20
250 250 30
251 4 1
4 83 1
36 36 126
44 4 1
4 144 1
252 127 1
253 31 1
254 184 1
255 255 26
4 102 1
256 256 1
4 281 1
257 4 8
163 4 16
246 4 3
23 76 1
213 213 699
258 4 1
201 201 26
259 115 1
87 4 1
260 4 1
236 236 3
261 261 14
54 54 7
146 146 14
240 240 16
77 273 1
262 296 1
161 161 2
153 153 38
4 19 1
128 4 2
234 202 1
4 28 1
263 25 1
4 109 1
4 10 518
174 118 1
197 4 1
192 4 4
171 171 51
97 97 15
45 135 4
116 269 1
10 141 1
264 264 1
138 138 3
4 41 6
192 192 319
189 189 6
265 265 54
55 224 1
266 76 1
38 38 20
12 12 15
202 83 1
156 156 3881
79 223 1
4 181 38
4 190 1
267 267 4
191 191 20
3 261 1
268 268 61
269 10 1
270 39 1
4 158 1
260 260 42
75 211 1
55 49 3
76 129 3
271 271 6
195 4 2
6 6 18
68 10 13
198 102 1
272 272 1
273 273 46
274 274 14
4 50 3
185 185 24
4 177 3
275 72 1
182 3 1
103 18 1
4 265 1
155 153 1
4 29 28
276 4 2
4 91 1
14 4 3
142 142 6
215 229 1
117 133 1
4 123 25
4 39 3
4 57 2
124 124 3
277 277 1
68 51 3
4 69 2
221 4 52
278 4 1
47 239 1
116 149 1
132 103 1
241 241 239
279 279 12
279 143 1
247 4 6
5 23 10
159 4 7
41 4 4
254 254 29
4 293 3
280 280 36
274 4 1
160 160 1128
281 4 1
273 297 1
77 179 1
282 282 1322
283 283 1
4 35 7
229 229 201
64 64 165
215 215 43
77 57 1
229 42 1
58 58 3147
284 284 15
39 55 2
4 212 21
51 10 36
112 112 49
77 77 274
4 216 159
233 81 1
45 10 1
126 152 1
216 192 1
100 100 5801
180 180 41
277 4 1
120 4 1
100 196 1
211 300 1
73 73 2
129 276 3
4 228 2
139 173 1
221 51 1
285 4 3
81 4 1
4 236 1
4 11 1
56 56 103
10 90 1
187 187 2
194 194 22
29 212 1
4 222 4
137 137 2277
60 4 1
102 4 1
229 93 1
72 6 1
160 4 8
4 137 21
4 114 1
55 23 1
229 84 2
81 73 1
4 192 5
131 4 1
286 4 1
208 160 2
212 212 1924
287 287 4
272 148 1
73 4 7
52 4 11
165 165 47
4 24 3
196 196 3365
4 76 10
44 198 1
4 2 1
27 27 36
4 213 6
285 285 294
224 224 9
248 248 15
115 80 1
171 39 1
4 130 1
115 56 1
4 33 1
261 253 1
287 112 1
4 289 3
288 156 1
126 76 1
222 222 149
88 88 9
289 289 489
290 4 1
256 39 1
133 4 1
291 4 1
292 292 23
293 44 1
42 4 1
5 4 51
205 4 3
218 4 1
282 4 3
114 114 33
294 251 1
69 260 1
4 120 1
76 225 3
105 4 1
28 11 1
252 252 2
115 98 1
281 281 78
113 4 3
184 142 1
295 295 323
226 121 1
296 296 52
4 203 1
297 262 1
171 229 2
16 16 117
277 51 4
259 259 12
298 244 1
299 299 53
126 126 144
10 5 257
300 206 1
4 78 2
4 115 2
4 70 1
171 308 1
4 280 3
76 81 3
87 87 44
4 56 1
177 177 311
301 4 1
117 117 1713
65 39 1
43 43 3
4 55 1
123 52 1
258 258 473
10 116 1
253 200 2
289 4 4
181 4 38
288 288 18
302 314 1
136 139 1
292 4 1
4 14 5
4 58 29
178 304 1
284 4 1
99 99 12
4 122 1
56 283 1
303 232 1
304 4 1
39 110 1
305 268 1
286 213 1
200 200 13
298 298 7
277 10 8
306 306 46
293 151 1
296 237 1
307 23 1
150 4 1
55 55 377
265 4 1
306 4 1
58 4 20
122 313 1
64 4 2
206 132 1
267 146 1
308 102 1
4 135 108
135 4 91
101 101 15
4 167 1
303 303 24
207 4 49
262 262 28
203 206 1
293 102 1
263 263 9
175 4 1
255 106 1
225 76 1
4 131 1
65 23 9
41 29 1
217 4 3
309 4 1
253 253 183
310 4 1
4 15 1
102 53 3
280 4 1
129 4 2
273 4 1
135 135 9939
302 302 36
286 286 372
271 4 1
73 10 13
245 245 19
75 4 1
290 49 1
268 292 1
95 4 1
23 73 28
257 257 633
293 293 51
311 53 1
293 166 1
39 229 1
4 230 1
312 4 1
175 164 1
29 4 22
4 72 4
222 4 3
313 4 1
23 10 43
276 81 1
21 32 1
211 176 1
209 209 16
283 119 1
10 4 164
243 243 11
250 4 1
125 125 198
314 314 16
53 53 152
39 235 1
165 311 1
294 294 21
230 230 2
246 49 1
77 299 1
93 126 1
305 305 28
13 13 8
78 78 4
4 208 20
299 4 1
204 204 23
4 271 1
4 22 1
228 228 126
23 90 1
275 275 16
155 87 1
4 199 6
132 61 1
193 10 1
181 1 1
297 297 6
4 48 1
4 110 1
314 238 1
264 203 1
242 242 25
4 221 59
5 277 1
22 22 101
4 154 13
