1 626 2
2 431 3
3 13 2
4 4 7
5 169 1
6 372 1
7 7 12
8 310 1
9 222 1
10 21 2
11 119 1
12 516 1
13 104 1
13 328 1
14 14 3
15 83 1
13 147 1
16 505 1
17 17 29
18 460 1
19 626 2
16 37 1
20 25 106
21 128 2
10 626 30
22 317 1
23 262 1
24 13 1
25 626 111
26 15 1
27 2 2
28 28 9
29 13 2
8 122 2
30 367 1
31 626 126
13 106 2
13 40 1
32 157 1
33 34 1
13 209 1
34 13 8
35 626 3
36 463 1
37 143 1
38 38 5
39 39 13
40 420 1
41 21 3
42 481 1
43 626 2
44 44 1621
8 116 1
18 626 1
45 444 1
46 46 679
47 2 6
48 626 3
49 491 1
50 50 21
51 8 1
13 70 1
52 384 1
53 53 9
54 54 9
55 350 1
56 626 1
27 88 1
57 489 1
58 13 2
59 98 1
60 235 1
52 626 1
61 626 1
62 456 1
63 63 8
64 512 1
65 65 23
66 123 1
13 502 1
67 67 4
68 626 1
69 13 1
70 16 1
23 23 1
13 152 1
71 594 44
72 72 4
73 179 1
74 74 3
75 626 1
76 626 1
13 307 2
77 13 1
78 78 1
79 79 26
80 80 51
81 626 1
82 626 1
83 220 2
84 359 1
58 58 110
85 492 1
86 472 1
32 290 1
87 21 2
88 46 3
89 47 1
90 113 1
91 91 33
92 86 1
13 321 2
93 533 1
94 13 1
36 36 20
95 95 10449
34 41 8
13 111 1
96 96 4267
97 626 1
98 626 2
99 626 2
100 76 1
101 451 1
102 626 1
103 12 1
104 104 1
105 105 43
20 47 5
106 328 2
107 251 1
108 108 1
109 13 2
110 247 1
13 189 1
111 626 1
29 29 412
2 13 24
112 112 2
113 473 3
114 604 1
115 202 1
116 13 2
47 51 1
117 626 1
118 626 1
119 247 2
120 379 1
121 536 1
122 597 1
123 495 1
124 626 1
125 626 2
7 27 1
126 626 16
127 360 1
119 131 2
13 44 15
59 299 1
128 626 345
37 209 1
37 626 19
21 100 1
129 129 10
71 46 2
130 409 1
131 20 2
132 132 191
133 626 30
134 134 49
20 41 3
135 379 1
136 593 1
137 21 1
138 13 6
139 55 1
140 195 1
95 298 1
141 250 1
142 465 1
143 13 1
144 144 40
145 13 1
146 392 1
147 147 3
148 105 1
149 216 1
150 150 158
151 151 56
86 398 1
88 626 7
152 159 2
34 47 25
153 626 1
154 626 1
90 626 5
155 526 1
116 626 3
156 626 3
49 49 5
157 626 1
158 158 142
113 626 6
102 102 113
159 559 1
160 13 1
54 21 1
161 319 1
8 88 1
162 247 1
19 13 2
47 95 17
2 21 90
163 21 13
164 164 49
165 165 1
166 36 1
20 31 2
70 70 63
167 231 1
13 451 3
168 168 50
169 561 1
170 626 16
171 13 4
13 160 1
172 348 1
173 173 5
174 626 1
79 37 1
175 175 8
176 13 1
177 464 1
89 21 2
178 372 1
179 121 2
8 71 3
13 389 3
180 180 60
100 626 6
181 511 1
182 439 1
183 183 9
77 77 39
184 13 12
185 185 101
21 626 1952
186 13 8
187 187 348
188 21 1
10 121 1
5 5 57
21 34 13
88 27 1
57 13 1
106 106 124
189 626 1
190 626 1
191 626 1
192 551 1
21 213 2
80 181 1
193 303 1
13 424 2
27 473 1
194 194 2
195 626 1
113 279 3
196 114 1
197 472 1
198 209 1
171 626 15
199 425 1
200 198 1
201 13 2
2 119 2
202 549 1
203 397 1
10 269 1
33 626 1
13 157 2
144 626 1
204 121 1
113 503 1
47 131 7
141 621 1
131 131 5377
205 205 505
206 13 1
66 66 89
34 131 3
113 443 1
114 626 4
85 85 44
207 379 1
208 626 1
209 209 300
152 626 3
210 13 1
211 211 136
112 626 1
212 626 1
34 626 43
121 13 1
20 556 100
15 15 134
47 171 2
137 626 5
163 583 4
67 49 1
13 398 1
178 178 16
202 326 1
13 114 2
209 626 5
213 564 3
214 214 3
215 215 9
10 119 13
8 20 63
126 20 2
216 504 1
217 486 1
218 13 2
219 362 1
13 246 6
45 339 1
220 626 1
121 364 1
221 626 1
13 412 2
222 222 17
22 626 2
53 626 1
2 47 5
21 544 1
161 91 1
20 29 1
223 208 1
224 626 2
27 119 1
13 156 1
143 267 1
225 225 1
226 626 3
30 471 1
174 174 11
21 119 140
227 626 1
101 101 5
223 223 64
228 626 1
114 114 235
229 229 2
209 596 1
230 121 1
231 592 1
119 25 2
232 232 44
13 624 1
130 530 1
69 69 3
233 233 8
234 626 20
235 626 3
236 236 59
179 235 1
10 2 15
237 237 11
202 457 1
238 238 63
27 187 1
27 8 2
239 13 12
13 201 4
13 272 2
240 240 6
121 90 1
115 13 1
60 192 2
13 563 5
241 626 41
242 13 1
243 310 1
244 417 1
13 41 44
12 12 32
245 245 2
246 13 7
247 100 1
248 248 181
5 176 1
249 408 1
250 626 2
251 343 1
209 180 2
13 15 1
252 252 41
8 119 51
83 230 1
253 535 1
254 254 9
255 626 1
256 626 1
257 257 26
181 181 9
258 626 50
259 259 22
231 231 48
137 137 586
21 54 1
13 33 1
211 17 1
167 167 34
152 13 1
88 478 2
93 93 51
159 159 186
260 626 1
261 626 1
262 402 1
263 582 1
59 295 1
11 469 1
249 261 1
264 626 1
265 265 3
83 30 2
266 266 3
128 96 1
267 267 2
198 179 3
268 119 1
46 71 2
269 626 6
270 270 13
71 626 130
271 277 1
2 620 38
272 13 1
37 198 1
13 10 17
13 86 5
160 286 1
64 64 5
21 46 1
273 273 36
247 613 5
8 163 5
274 274 15
199 61 1
177 177 17
1 1 261
160 626 3
8 25 1
275 275 34
276 123 2
277 418 1
57 394 1
71 8 3
167 95 1
218 626 2
182 13 1
140 140 40
278 187 1
279 90 1
175 626 1
8 47 17
280 626 1
143 223 1
186 186 353
255 255 1
13 179 2
273 626 2
148 148 1
281 626 1
282 626 3
236 387 1
283 404 1
284 458 1
56 56 303
122 21 1
285 285 21
86 330 1
47 8 22
58 626 1
286 414 1
127 191 1
8 150 1
267 482 1
287 626 1
288 50 1
13 149 1
289 626 1
214 368 1
184 184 1467
13 431 1
13 568 1
290 290 68
13 27 14
102 13 1
13 213 1
211 255 1
291 626 83
292 292 5
203 79 1
293 626 2
294 294 8
87 626 4
80 13 1
295 626 1
13 71 77
296 374 1
297 298 1
247 520 1
196 601 2
5 626 1
13 329 1
298 298 666
299 441 1
235 528 1
300 300 4
152 152 252
146 146 25
283 283 12
130 130 131
298 167 1
301 626 2
13 98 2
302 13 41
13 193 1
303 303 19
304 4 1
24 24 28
294 626 1
13 442 6
85 626 1
130 13 2
305 427 1
83 83 275
167 445 1
13 103 2
306 306 73
307 307 19
308 308 14
309 309 82
14 455 1
310 626 6
10 10 3488
139 139 7
58 16 2
226 226 128
279 279 27
311 626 1
198 221 1
298 555 2
119 21 232
20 10 8
232 626 2
299 299 18
270 399 1
119 113 1
312 312 2
313 20 1
13 3 4
13 13 5270420
93 470 1
314 626 1
315 459 1
198 287 1
13 433 2
316 316 133
317 317 126
80 566 1
318 318 7
315 315 9
41 131 30
8 626 451
319 319 42
13 345 1
320 422 1
121 121 494
164 626 1
321 626 1
235 244 2
322 304 1
111 26 1
323 13 2
121 462 3
187 626 4
324 324 5
262 262 21
108 13 1
325 325 6
44 626 20
326 326 5
327 508 1
43 43 68
328 115 1
100 478 1
329 329 46
78 410 1
1 13 2
330 32 1
331 331 12
194 626 1
3 3 78
332 185 1
333 13 1
334 334 5
335 335 10
162 626 1
336 468 1
337 337 9
338 338 17
47 47 30519
339 339 11
13 87 5
21 273 2
340 340 4
127 434 1
21 20 113
126 8 2
341 341 12
342 342 2
228 63 1
163 163 1458
343 591 1
344 501 1
220 220 53
126 119 2
216 216 31
345 219 1
221 221 1
346 218 1
172 13 1
40 198 2
115 626 1
16 5 1
86 626 5
37 128 2
347 626 1
89 626 2
55 28 1
92 13 1
348 626 1
111 145 1
349 349 32
79 532 1
29 626 6
158 99 2
350 626 1
351 525 1
339 213 1
13 346 1
29 548 2
352 626 1
37 248 1
176 375 1
180 42 1
353 623 1
354 248 1
157 157 199
26 26 36
329 626 1
355 626 1
171 21 3
34 20 1
13 447 1
41 41 7573
356 626 1
8 431 1
13 37 13
357 357 1
55 55 73
358 552 1
26 13 1
359 27 1
113 344 4
360 360 67
253 253 68
119 602 1
361 361 44
362 487 1
341 13 1
13 269 2
13 299 1
10 517 12
196 196 316
119 122 1
19 19 287
363 363 14
37 13 16
176 626 1
13 540 4
159 100 1
95 20 2
13 36 1
364 523 1
365 365 24
45 461 1
34 21 18
366 626 1
57 626 5
13 34 12
8 573 1
367 626 1
45 626 4
21 10 3
247 626 3
187 27 1
253 8 3
201 201 210
368 368 10
369 369 4
259 342 1
64 370 1
123 123 251
131 21 12
21 431 555
33 33 68
95 626 117
100 156 1
119 20 67
370 135 1
371 626 1
372 372 57
13 467 1
123 626 2
258 13 22
10 20 7
373 406 1
97 97 1
70 203 2
316 116 1
357 211 1
374 558 1
37 203 1
375 626 1
326 130 1
189 189 16
15 66 1
116 45 3
41 20 6
246 246 843
222 351 1
321 321 14
272 272 12
300 220 1
213 2 4
134 139 1
376 39 1
126 13 20
377 184 1
13 96 56
378 378 37
379 379 48
380 626 1
381 80 1
310 13 1
106 626 1
316 626 2
127 127 64
382 610 1
20 20 35601
13 119 140
383 626 13
74 606 1
135 626 1
384 384 9
385 13 1
149 149 42
386 386 8
155 155 8
387 390 1
13 377 3
88 45 1
110 13 1
388 622 1
389 626 6
13 82 1
219 74 1
199 199 55
390 284 1
391 391 6
278 332 1
65 190 1
392 626 1
27 626 33
310 257 1
393 626 2
394 394 36
395 395 155
13 298 2
160 103 1
396 396 15
290 157 2
144 57 1
397 626 1
309 13 1
398 13 1
399 626 1
8 253 2
400 626 19
88 213 1
401 37 1
83 496 2
402 402 25
313 313 51
225 22 1
107 626 2
107 493 1
403 626 1
244 483 1
404 584 1
121 310 1
128 21 3
13 437 1
405 615 1
37 86 1
13 474 1
219 595 1
406 626 1
2 213 1
407 407 157
94 94 2
408 626 1
409 527 1
13 113 6
207 207 7
410 369 1
411 626 4
401 626 1
286 381 1
37 20 1
42 373 2
412 626 3
13 194 1
405 405 6
334 340 1
131 41 7
249 249 17
413 237 1
40 587 1
288 626 2
13 175 1
414 154 1
27 110 1
13 434 1
13 80 1
13 228 1
415 13 1
416 626 1
407 13 3
198 132 3
62 62 8
282 282 430
13 238 1
298 13 3
417 333 1
86 423 1
13 386 1
213 626 8
244 13 1
418 215 1
193 193 100
419 419 36
103 103 60
420 420 26
412 412 642
421 626 1
309 626 1
196 297 2
394 127 2
173 13 1
422 13 1
421 421 6
119 8 50
210 626 1
373 83 1
247 152 1
21 45 1
423 626 1
157 106 1
206 200 1
168 21 2
424 424 102
20 585 1
425 425 6
426 426 106
138 138 731
427 427 46
13 135 3
13 187 1
428 626 1
429 626 2
430 626 1
20 2 4
394 335 1
431 626 638
432 432 8
414 414 4
433 626 1
390 390 29
130 626 1
13 126 23
119 163 2
422 129 1
13 83 2
40 391 1
302 302 7414
276 84 1
123 589 1
422 422 43
179 90 3
157 370 1
328 328 53
27 13 8
256 256 17
434 13 1
20 563 1
47 213 1
47 21 118
198 198 539
86 86 503
147 13 1
163 224 2
21 88 2
435 626 2
436 9 1
429 429 80
209 331 1
213 8 2
317 13 1
247 88 2
359 394 1
2 365 1
103 614 1
412 13 4
407 626 1
96 13 30
13 43 1
219 626 1
98 467 1
437 626 1
438 626 1
265 240 1
439 439 5
86 24 1
4 626 1
119 310 1
440 626 2
20 21 106
13 101 1
413 413 5
21 2 39
398 266 1
8 34 4
8 421 1
34 34 4158
441 626 1
442 626 7
119 71 14
443 626 1
13 239 11
13 506 1
444 444 100
445 626 1
128 513 1
446 600 1
119 2 1
13 47 63
13 182 1
447 447 52
448 448 8
449 626 1
450 322 1
142 626 2
278 278 186
90 27 1
451 626 3
116 388 1
179 179 535
13 123 2
60 60 310
452 452 24
34 119 1
258 210 1
328 13 2
423 423 8
291 13 52
35 35 235
453 626 4
354 354 2
27 10 20
60 158 1
10 8 1
288 288 38
13 429 3
119 298 1
186 626 4
425 13 1
362 362 32
454 214 1
434 434 119
220 204 1
141 114 1
320 320 14
455 455 1
15 13 1
310 27 2
369 366 1
328 626 2
456 13 1
33 119 1
13 626 54035
47 588 85
95 21 41
13 58 2
179 27 2
457 457 35
13 159 2
36 40 1
458 626 1
459 164 1
310 364 1
460 626 1
13 55 1
461 626 3
351 351 4
13 85 1
410 410 58
13 26 1
187 466 1
462 626 3
308 507 1
39 479 1
220 121 1
16 13 1
444 626 2
149 70 2
11 11 44
463 607 1
13 258 30
464 464 33
310 121 1
22 612 1
269 269 448
158 626 2
465 626 1
171 95 1
235 121 2
60 113 3
466 626 1
41 598 19
13 202 1
464 13 1
57 57 349
47 13 28
467 553 1
468 626 1
182 376 1
443 443 1
131 13 4
304 304 2
331 626 1
263 452 1
469 626 1
13 198 2
213 21 4
110 71 1
16 69 1
470 13 1
471 471 4
432 626 1
472 626 2
13 378 2
333 333 40
473 473 69
474 626 36
176 176 35
475 58 1
121 249 1
13 234 16
417 417 56
2 602 2
204 298 1
27 534 12
27 228 1
476 476 9
477 626 1
478 27 1
342 271 1
109 109 129
306 477 1
13 138 6
479 479 21
422 626 2
13 219 1
202 202 33
27 27 3362
13 29 4
480 480 26
481 83 1
482 482 1
138 626 5
483 483 21
13 361 1
484 484 1
119 41 3
211 13 1
87 13 1
485 485 3
486 486 13
184 626 14
480 209 1
487 487 5
302 626 73
40 480 1
13 604 2
119 478 2
32 178 1
219 581 1
488 488 10
419 52 1
143 143 71
489 626 1
13 609 1
374 374 86
276 276 106
8 21 284
490 410 1
491 398 1
151 626 1
47 89 1
300 22 1
398 85 1
73 73 18
60 352 1
492 13 1
493 567 1
134 577 1
494 494 32
410 515 2
107 107 92
13 282 8
21 95 28
113 119 1
188 188 2
129 327 1
13 322 1
296 338 1
472 472 13
495 233 1
37 8 1
473 113 1
203 430 1
13 242 1
123 13 2
86 197 1
455 227 1
496 575 1
213 541 1
134 410 1
57 144 2
20 131 5
22 204 1
27 625 10
83 263 1
119 33 1
497 497 7
332 332 21
123 294 1
498 498 2
499 274 1
500 576 1
13 140 1
247 71 1
8 95 8
330 330 25
310 310 421
501 501 3
83 569 1
387 387 5
110 8 1
32 13 1
13 395 2
209 37 1
496 353 1
502 502 11
37 27 5
13 1 4
478 21 1
420 13 1
57 438 1
100 119 1
503 626 1
504 382 1
505 57 1
314 134 1
13 603 1
41 47 8
335 360 1
506 13 1
13 344 1
306 626 1
507 626 1
297 297 296
392 392 25
415 415 43
41 8 5
359 13 1
396 13 1
135 128 1
486 626 1
30 626 3
410 72 1
467 166 1
163 380 4
27 21 2
152 247 1
448 211 1
13 473 1
93 565 1
271 271 1
508 508 5
235 198 1
323 323 246
509 509 4
66 476 1
510 510 198
27 121 1
327 327 12
424 626 2
511 14 1
512 626 1
485 172 1
128 37 4
235 60 3
454 626 1
385 385 56
257 2 1
344 13 3
38 356 1
513 513 38
514 447 1
95 168 1
515 626 2
128 40 1
516 52 1
517 626 13
166 166 11
42 43 1
279 113 1
121 626 5
172 172 218
13 19 3
401 401 14
218 218 136
518 626 1
519 626 1
90 13 1
473 13 1
13 204 1
157 490 1
110 110 313
2 20 3
380 617 1
285 173 1
119 29 1
444 247 1
13 23 1
199 626 1
126 126 2015
520 13 1
391 235 1
172 306 1
32 358 1
13 172 2
521 134 1
132 626 3
204 626 1
50 500 1
360 8 1
96 128 4
41 626 83
508 538 1
522 626 125
103 229 1
113 113 573
502 626 1
266 292 1
379 410 1
27 517 1
372 626 1
318 182 1
20 13 45
21 522 1
248 493 1
523 626 1
296 296 46
524 13 1
525 525 1
32 219 2
526 526 11
527 527 5
447 93 2
494 13 1
21 21 185253
364 626 1
248 475 1
266 494 1
398 398 137
492 492 14
27 20 13
2 10 1
528 528 13
529 529 18
530 530 1
317 298 2
197 197 23
206 140 1
13 309 1
476 13 1
141 269 1
521 521 11
531 626 2
131 170 16
532 532 58
13 297 3
533 143 1
13 2 79
228 228 57
196 626 2
321 13 1
533 533 5
534 626 13
8 522 120
501 41 1
535 626 1
481 481 3
57 359 2
536 297 1
122 122 56
305 305 62
322 13 1
537 519 1
13 137 4
380 380 79
398 265 1
251 251 6
90 268 2
90 90 488
538 626 1
72 341 1
46 626 4
51 51 5
305 13 1
117 117 46
29 41 1
516 516 39
504 504 19
243 243 5
539 539 8
540 626 11
131 119 1
163 20 1
426 626 2
13 248 1
541 626 1
542 626 1
473 626 1
46 8 1
500 500 2
182 182 76
543 580 1
106 13 2
13 93 1
237 626 1
110 626 4
6 6 60
100 100 256
235 13 1
90 20 2
464 626 1
520 520 66
142 235 2
263 263 35
47 20 6
60 626 1
347 347 25
13 16 3
316 446 1
484 428 1
406 406 11
495 495 15
228 247 1
152 162 2
13 497 1
544 626 1
545 545 11
452 13 1
546 626 21
395 626 2
13 184 9
35 13 3
370 207 1
22 22 220
193 374 1
547 547 64
548 626 3
172 450 1
549 549 2
21 71 51
550 626 2
172 199 1
551 551 4
310 280 1
552 552 26
18 18 149
34 163 1
553 626 1
163 8 8
127 626 1
554 554 5
278 518 1
555 626 2
9 9 45
13 278 2
537 537 12
158 33 1
353 353 6
345 283 1
71 71 13087
556 626 103
557 419 1
297 27 1
52 13 1
28 13 1
558 543 1
57 150 1
310 2 4
552 13 1
559 626 1
560 560 42
131 47 29
171 171 1171
234 234 2047
182 363 1
554 355 1
98 98 96
561 626 1
2 626 135
325 626 1
247 21 1
40 626 3
236 513 1
562 626 2
71 13 24
451 451 351
13 77 2
13 20 177
549 626 1
563 563 628
564 626 3
21 13 148
18 21 3
252 298 1
565 396 1
128 464 1
566 618 1
550 550 129
13 117 1
433 433 68
442 442 676
47 626 346
95 171 1
567 567 33
493 498 1
13 419 1
568 568 91
185 547 1
21 47 143
364 364 35
223 92 1
467 278 1
105 236 2
150 228 1
284 284 10
160 160 71
569 626 1
570 570 17
92 626 3
83 300 1
373 373 36
275 68 1
322 322 33
13 95 55
86 539 1
571 626 1
305 296 1
345 345 72
10 27 9
572 572 31
529 285 1
479 13 1
55 626 1
56 13 5
187 329 1
344 344 186
379 354 1
573 573 5
131 34 2
248 422 1
119 119 37529
8 13 47
13 291 45
2 474 33
13 112 1
269 153 1
13 545 1
244 403 1
179 333 1
162 162 55
121 308 1
496 496 12
119 626 413
164 225 1
479 619 1
13 510 2
196 11 1
59 59 57
71 241 41
574 574 6
13 305 1
240 305 1
575 13 1
450 450 2
576 626 1
358 358 2
40 424 1
359 20 1
452 310 1
558 558 35
248 13 1
20 185 1
577 577 42
298 626 12
578 626 2
310 8 1
180 204 1
234 13 19
158 113 1
579 579 1
42 574 1
8 571 1
8 2 7
580 40 1
303 626 1
95 8 1
268 7 1
2 426 1
8 196 1
211 579 1
499 499 7
13 90 2
86 6 1
540 13 4
1 126 1
13 30 3
123 57 1
2 95 13
33 13 1
169 169 13
13 453 2
581 357 1
13 494 1
158 13 1
582 488 1
13 5 2
583 626 6
513 183 1
584 124 1
483 179 1
585 626 119
436 436 16
586 586 7
349 310 1
298 554 1
587 626 1
347 13 1
298 570 2
588 626 88
86 345 2
363 484 1
37 313 1
589 626 1
590 626 16
230 230 8
113 13 2
10 13 7
32 32 197
205 626 4
591 626 1
84 84 26
13 323 1
82 82 29
13 92 1
592 626 1
172 165 1
13 415 1
13 131 25
66 65 1
2 185 1
254 118 1
337 324 1
454 454 116
270 167 1
312 108 1
297 196 5
593 626 1
361 13 1
13 22 3
594 626 82
21 41 5
570 95 1
21 380 1
402 626 1
258 258 4334
13 88 2
20 416 1
13 252 1
525 97 1
13 218 3
198 301 2
179 626 3
595 595 5
289 289 27
596 626 1
71 119 6
20 8 150
47 119 3
13 57 7
187 278 1
8 585 114
314 314 44
142 142 129
360 626 1
198 626 5
13 94 1
269 10 1
135 107 1
597 626 1
598 626 21
382 382 1
185 10 1
595 529 1
526 314 1
599 626 1
235 235 470
306 436 1
322 586 1
600 626 1
46 393 2
520 46 1
22 13 1
120 120 10
13 42 1
119 13 69
46 13 1
47 431 63
601 626 2
60 599 1
505 505 4
453 453 176
179 73 1
359 8 1
21 188 1
239 626 17
307 291 1
557 557 6
119 27 1
340 626 1
10 590 16
451 13 3
409 409 5
43 315 1
278 626 2
204 270 2
372 78 1
13 232 2
454 38 1
11 626 1
386 13 1
16 16 258
206 206 92
602 626 576
166 40 1
119 556 1
137 13 4
198 401 2
603 603 92
527 142 1
604 604 120
463 463 34
187 62 1
45 611 1
498 149 1
570 626 1
86 13 3
389 389 171
374 454 1
329 256 1
220 325 1
13 226 1
21 131 11
305 413 1
90 440 2
13 151 1
27 213 9
344 29 1
131 400 18
119 47 1
135 120 1
201 626 4
605 626 1
297 626 6
13 385 2
316 13 1
145 145 26
606 626 1
376 376 5
116 461 2
478 626 4
57 37 1
85 148 1
40 206 1
63 152 1
295 295 15
219 219 94
20 626 360
29 119 2
229 509 1
34 616 16
456 456 23
163 626 19
135 111 1
514 514 24
40 40 259
98 281 1
192 132 1
13 45 1
217 217 32
159 110 1
478 478 69
41 119 3
103 13 2
515 13 1
279 53 1
606 606 23
13 588 1
119 10 5
130 59 2
111 111 135
20 27 5
209 537 1
532 37 1
13 585 1
180 83 1
77 626 1
95 2 9
34 602 1
13 432 1
437 437 6
607 626 1
608 626 111
13 560 3
609 13 1
286 286 116
161 161 42
370 193 1
404 404 1
244 244 140
116 116 229
328 337 1
269 119 1
13 205 4
45 405 1
459 459 34
203 209 1
457 626 1
408 408 10
2 2 12205
248 245 1
248 626 4
610 626 1
165 336 1
20 95 2
61 61 6
95 47 51
429 13 1
513 146 1
208 208 3
379 13 1
13 319 1
46 562 2
611 626 1
560 626 1
179 578 2
141 141 101
2 8 8
2 158 1
135 135 211
13 317 2
13 244 1
42 42 209
377 626 3
242 242 3
292 626 1
121 226 2
122 119 1
349 311 1
13 121 2
510 626 2
582 582 3
573 8 1
13 550 2
442 13 4
13 102 3
45 10 1
575 575 3
245 429 1
317 626 2
88 531 2
136 136 1
96 626 43
303 379 1
2 27 2
497 125 1
29 264 1
66 371 1
567 177 1
22 293 2
13 116 3
536 536 7
10 88 2
344 626 1
612 612 18
563 626 8
90 10 2
613 626 5
574 249 1
530 13 1
269 27 1
223 259 1
324 328 1
313 13 1
442 20 1
235 48 3
45 45 292
319 499 1
604 626 3
13 125 1
566 566 16
157 64 2
434 626 2
568 626 2
32 448 1
13 56 2
102 412 1
418 418 15
490 490 23
89 89 232
233 626 1
198 13 2
13 186 6
21 163 16
274 254 1
150 542 1
550 13 1
286 626 2
343 343 29
563 13 6
359 310 1
319 626 1
439 626 1
210 210 72
507 507 29
128 95 1
13 128 241
128 13 216
581 155 1
487 161 1
543 543 29
142 42 1
465 465 14
13 32 1
235 27 1
384 485 1
13 8 118
473 158 3
41 34 37
471 449 1
509 626 1
614 614 9
8 41 6
615 626 1
193 13 1
41 13 15
616 626 16
427 626 1
268 268 28
519 519 15
297 275 1
13 286 2
114 269 1
482 288 1
247 247 522
577 37 1
13 359 2
46 21 9
282 13 6
617 626 1
380 21 1
610 610 4
183 289 1
159 626 3
110 411 4
8 8 39820
560 13 2
88 88 556
37 37 2953
41 546 21
539 626 1
579 67 1
128 128 36222
95 594 32
200 200 41
21 89 2
302 239 1
13 66 2
150 626 1
540 540 733
13 602 2
179 349 2
581 581 17
603 626 3
506 506 1
91 626 1
377 377 151
618 618 11
528 179 1
272 626 1
132 310 1
42 60 1
21 602 550
45 141 1
586 626 1
239 302 1
198 243 1
206 136 1
13 130 2
494 626 1
44 13 15
88 13 2
203 203 98
269 2 2
379 248 2
359 359 227
205 13 3
246 626 7
20 34 1
13 52 2
21 426 1
614 557 1
470 470 18
22 212 1
66 276 1
619 619 21
13 110 7
447 13 1
27 100 3
620 626 39
511 511 1
13 347 1
86 32 1
20 522 2
378 626 1
37 119 1
609 609 28
454 128 1
116 152 1
141 626 1
47 41 14
370 626 1
239 239 1445
135 572 1
580 580 11
47 34 8
13 235 3
584 584 6
13 21 414
30 30 117
95 13 10
213 534 1
621 626 1
104 13 1
612 317 1
618 318 1
13 150 1
87 41 1
160 514 1
622 626 1
333 626 1
13 171 7
21 8 195
83 626 1
417 13 1
52 52 34
370 370 83
493 493 21
59 312 1
623 626 1
247 75 1
365 13 1
13 407 2
13 524 1
307 626 1
395 13 1
34 8 2
20 431 1
551 626 1
8 27 2
359 626 1
21 18 4
13 46 2
515 515 41
424 206 2
238 13 1
291 291 8319
589 589 47
624 624 59
524 524 26
17 521 1
30 13 1
109 626 1
20 119 172
563 119 1
132 435 2
110 21 1
185 27 1
119 608 107
624 13 1
150 116 1
63 247 1
95 133 29
513 13 1
467 467 79
625 626 11
92 92 49
34 383 13
215 174 1
317 260 1
619 334 1
57 316 2
204 204 113
572 626 1
154 154 3
13 109 3
338 320 1
389 13 2
87 87 497
13 35 5
488 626 1
368 217 1
13 302 61
336 336 27
204 605 1
71 21 109
269 13 1
344 81 1
119 31 120
213 213 674
310 297 1
131 626 60
8 298 1
547 626 1
115 115 65
16 626 4
236 128 1
123 310 1
