1 1 7
2 2 46
3 3 54
4 4 2
5 326 2
6 369 1
7 245 1
8 681 1
9 9 7
10 474 2
11 529 1
12 439 1
13 593 4
5 228 1
14 419 1
15 681 2
16 16 6
17 17 93
18 18 58
19 42 1
20 32 1
21 22 1
22 76 1
23 681 1
24 681 1
25 681 1
26 681 1
27 681 1
28 46 1
29 681 15
30 70 1
31 31 5050
32 268 1
17 353 1
33 133 2
34 379 1
35 35 74
36 36 65
37 681 3
38 38 4
5 496 1
39 681 1
40 265 1
41 41 210
42 20 4
43 65 6
44 44 3
45 321 5
46 66 1
47 681 1
48 33 1
49 49 51
50 681 1
51 681 1
52 52 5
53 112 44
54 54 61
55 55 11
56 681 1
57 57 42
58 150 3
59 681 11
60 567 1
61 61 2
62 62 238
63 364 1
64 479 2
65 681 6
66 150 3
46 681 2
67 508 3
68 681 53
69 681 10
70 70 1
71 667 1
19 88 2
72 681 1
73 121 1
19 321 7
74 74 6
75 140 3
76 329 1
5 293 2
31 336 21
10 135 1
77 77 1
78 681 1
79 483 1
5 586 1
19 133 161
80 80 15
81 160 62
30 361 1
82 205 1
83 83 385
5 163 1
84 400 1
85 162 1
86 681 1
87 87 58
48 19 3
88 88 7360
57 21 1
89 89 23
90 681 1
91 91 5
92 681 3
93 546 1
94 37 1
95 95 1
96 681 1
22 23 1
97 681 1
98 378 1
5 43 10
99 681 1
100 151 1
10 681 13
101 564 1
102 38 1
103 103 38
77 274 1
104 234 1
105 681 1
106 596 1
107 107 4
108 108 18
109 109 5
66 176 1
110 681 828
5 242 1
32 32 50
78 682 1
111 635 1
112 681 45
113 113 10
114 681 2
115 600 1
22 681 9
116 116 155
117 140 1
102 102 12
118 118 8
119 5 1
120 97 1
121 431 11
122 122 124
123 683 1
124 507 1
125 444 1
126 126 14
127 647 1
128 681 1
129 301 1
130 61 1
25 120 1
131 681 2
132 132 10
84 681 2
133 66 2
134 681 2
135 524 1
136 255 1
137 328 1
138 108 1
43 176 5
33 321 10
92 677 1
71 71 6
139 681 1
140 19 5
3 96 1
141 608 1
142 449 1
143 22 1
144 36 1
145 681 1
146 681 1
147 147 6
148 681 1
149 9 1
150 48 3
151 109 1
5 81 114
152 681 3
150 277 3
66 634 3
153 153 70
154 154 5
155 651 1
156 609 1
157 49 1
158 681 1
48 217 1
159 159 35
160 681 63
94 94 27
161 681 1
162 190 1
163 163 94
10 5 1
107 155 1
164 601 1
5 369 1
127 85 1
165 165 49
75 321 1
1 668 1
166 166 93
167 167 14
168 433 1
169 681 1
5 185 17
170 214 1
95 259 1
171 171 15
172 457 1
173 681 2
117 117 474
124 494 1
174 342 1
175 119 1
121 19 2
176 446 1
5 10 2
177 359 1
5 417 1
178 19 7
179 179 1
141 141 176
180 633 1
5 311 1
181 681 1
182 182 1
183 183 52
184 184 37
185 133 6
150 81 4
75 133 2
186 105 1
187 681 1
188 615 1
189 681 1
190 190 177
176 681 5
191 158 1
42 73 3
192 681 1
193 154 1
194 681 1
195 186 3
196 196 46
197 197 9
198 660 1
199 392 1
200 372 1
201 201 1536
28 379 1
202 202 10
5 51 2
203 681 1
204 54 1
144 181 1
205 205 3
206 477 1
207 207 8
208 125 1
209 95 1
210 210 16
28 347 2
211 211 120
212 681 1
213 681 1
214 454 1
199 199 8
215 288 1
216 216 53
217 148 1
218 5 1
219 428 1
150 681 241
220 681 1
216 9 1
217 43 1
5 150 115
221 221 49
222 244 1
223 223 2
5 186 3
5 379 5
224 224 11
225 225 9
111 111 34
226 681 1
227 681 1
228 448 1
19 117 1
229 229 13
230 284 1
231 231 5
69 321 1
133 506 70
232 377 1
201 150 2
233 233 5
233 226 1
128 312 1
187 129 1
234 616 1
235 671 1
236 657 1
237 543 1
238 238 11
239 681 1
240 463 1
241 169 1
157 681 1
5 287 2
201 604 3
5 280 3
115 280 1
41 247 1
121 42 2
242 389 1
243 240 1
185 321 4
205 84 1
244 681 1
245 245 14
188 188 35
246 509 1
247 681 1
230 230 13
248 248 28
217 176 1
249 354 1
85 681 1
250 199 1
5 48 12
251 455 1
175 681 2
252 681 1
45 66 7
253 602 2
254 254 3
5 35 1
255 681 1
176 133 1
256 256 30
257 257 14
5 175 3
5 106 3
258 681 1
54 28 1
259 259 25
191 497 1
170 170 36
10 417 1
260 260 6
261 261 6
262 262 5
42 416 1
263 548 1
20 423 2
119 63 1
235 217 1
106 560 1
207 296 1
198 618 1
264 322 1
237 237 46
179 261 1
211 80 1
265 265 7
266 266 11
267 404 1
268 681 1
5 176 1
269 334 1
20 19 1
133 58 5
13 121 1
46 533 2
270 681 21
271 271 45
168 168 11
272 681 2
5 407 2
273 681 5
274 586 1
67 235 1
275 275 5
121 277 1
276 276 15
277 585 1
117 19 1
278 278 51
150 150 22173
279 279 15
280 681 2
13 370 3
58 48 1
281 415 1
121 83 1
282 88 2
283 283 16
147 558 1
284 284 18
133 43 1
285 275 1
286 681 1
287 427 1
19 178 3
166 681 1
288 681 1
280 337 2
196 348 1
180 681 1
5 172 1
289 681 1
290 210 1
24 84 1
291 69 1
85 3 1
17 168 1
5 300 1
292 292 7
293 626 1
5 64 2
294 294 16
295 681 1
296 681 1
291 678 1
297 310 1
33 681 23
89 278 1
9 116 1
5 304 1
298 681 1
96 541 1
5 20 4
299 299 6
253 343 1
300 653 1
301 301 8
33 414 13
302 224 1
303 303 35
304 18 1
172 511 1
48 48 2673
5 357 8
305 681 4
306 306 14
307 681 3
308 308 3
122 582 1
309 309 5
5 110 2
120 42 1
150 19 179
310 352 1
311 83 1
13 547 5
312 681 1
313 42 1
137 137 14
5 387 3
69 382 2
314 47 1
315 315 8
316 681 1
19 669 860
63 63 96
5 459 1
5 652 1
317 552 1
138 138 12
10 196 1
234 67 1
37 421 1
318 318 8
36 573 1
5 187 2
252 252 14
175 175 147
5 45 10
319 502 1
2 257 1
151 151 14
184 681 1
3 375 1
274 274 22
320 320 5
321 185 3
176 66 1
88 81 5
322 322 64
54 27 1
323 111 1
324 324 17
121 20 2
325 574 1
31 117 2
5 305 1
162 540 1
121 408 12
141 681 2
326 681 60
267 28 2
327 327 11
290 290 5
75 48 2
328 658 1
88 53 1
140 53 1
96 96 186
190 441 3
48 66 1
92 92 250
329 329 52
317 185 2
64 661 1
330 681 1
331 344 1
162 162 58
332 332 2
31 681 57
33 185 16
10 351 2
2 60 1
321 33 1
5 5 76175
93 93 122
51 490 1
333 405 2
133 321 1
334 642 1
335 681 1
133 81 10
173 173 72
336 681 21
337 407 1
338 338 43
339 339 117
340 648 1
341 183 1
96 443 1
119 119 23
342 342 1
343 343 68
185 31 1
344 681 1
345 4 1
248 523 1
198 534 1
150 459 58
133 31 3
346 56 1
274 197 1
347 28 1
81 669 2
5 22 3
348 348 93
332 492 1
186 525 1
277 178 4
349 266 1
73 681 1
222 106 1
178 178 9242
302 681 1
218 681 1
280 363 1
143 143 123
350 350 7
178 408 1
351 681 1
352 367 1
353 353 5
347 629 1
354 52 1
355 429 1
356 480 1
5 240 1
357 681 6
358 358 31
359 315 1
120 121 1
360 360 17
321 75 2
321 140 1
234 234 23
361 206 1
121 420 1
362 598 1
363 192 1
125 681 1
364 578 1
22 332 1
140 681 8
118 418 1
6 6 6
365 365 21
325 325 18
146 663 1
366 366 16
367 218 1
368 681 2
369 681 1
48 565 9
370 370 16
5 37 3
371 371 4
334 164 1
5 24 1
372 681 1
373 39 1
374 681 1
375 681 1
140 114 2
130 130 33
376 376 1
377 33 1
378 378 67
45 45 1766
379 5 1
282 81 2
5 76 1
287 681 1
54 171 1
321 59 10
380 380 5
195 167 1
381 381 17
382 382 61
327 681 1
383 383 2
45 357 7
48 623 5
384 681 3
385 681 1
168 491 1
379 291 2
386 681 1
387 33 3
319 681 1
63 572 1
388 388 2
389 674 1
339 102 1
214 214 33
109 380 1
390 476 1
204 204 43
37 37 232
391 194 1
28 28 585
392 549 1
134 134 45
301 681 1
380 71 1
187 187 237
393 393 2
394 394 68
395 395 16
313 120 1
201 121 6
22 40 1
83 178 1
186 11 1
396 93 1
397 605 1
175 356 1
398 398 5
399 681 13
400 681 1
401 401 41
153 556 1
402 681 1
240 240 8
5 88 63
403 681 3
390 390 77
404 222 1
64 222 1
66 19 2
19 201 1
405 121 1
133 140 1
267 267 221
5 122 2
23 23 26
5 377 1
340 340 47
28 279 1
286 286 17
5 267 3
357 505 3
406 406 30
5 56 1
62 681 1
407 606 1
190 562 1
167 576 1
408 681 13
5 269 2
343 681 1
288 288 9
133 45 2
5 201 15
190 314 1
53 584 56
409 409 7
280 280 171
410 681 1
411 163 1
195 467 1
412 555 1
5 350 1
5 317 1
19 48 6
413 413 4
414 681 14
415 415 1
416 681 1
417 417 41
368 64 1
16 617 1
33 659 10
418 242 1
56 56 113
419 260 1
420 121 1
5 46 3
421 421 11
422 422 12
423 681 2
424 100 1
300 583 1
425 51 1
426 396 1
334 334 167
427 427 2
428 428 39
323 262 1
429 429 4
63 302 2
228 228 98
53 19 174
31 150 7
430 681 3
389 373 1
431 681 12
43 45 9
432 681 1
25 25 31
433 433 1
200 200 16
404 681 1
405 405 120
46 45 1
238 108 1
163 681 1
434 283 1
5 165 1
428 681 1
435 435 40
427 467 1
185 185 4616
436 436 23
389 389 171
437 681 1
164 164 32
438 290 1
153 383 1
439 439 2
440 681 1
441 441 38
191 681 4
28 681 7
51 216 2
282 681 114
317 317 200
442 681 6
443 681 1
222 404 1
302 170 1
369 369 9
444 681 1
445 681 2
446 446 87
104 681 1
37 116 1
405 141 1
447 681 1
37 581 1
296 296 1
378 577 1
304 186 1
116 681 1
19 403 3
165 74 1
201 590 5
448 448 1
81 75 4
140 150 2
449 182 1
390 5 2
53 31 8
125 125 35
450 331 1
390 412 1
449 449 16
451 451 5
452 681 2
206 206 6
424 424 9
453 453 4
391 391 180
454 339 1
76 620 1
455 455 1
456 456 38
457 85 1
458 681 5
459 681 65
460 131 1
176 176 336
339 89 1
461 461 27
462 72 1
120 313 1
48 150 5
463 463 3
222 681 1
464 28 1
465 394 1
5 566 1
53 150 5
466 466 100
467 289 1
468 468 2
469 195 1
347 347 127
470 681 10
426 426 37
471 481 1
150 652 70
472 518 1
473 681 7
73 26 1
32 681 1
337 516 1
474 474 18
475 86 1
356 356 131
62 57 1
121 120 1
476 179 1
477 320 1
263 263 1
24 24 145
478 681 1
382 233 1
176 217 3
464 681 1
88 5 6
53 133 11
479 499 1
480 480 1
481 249 1
5 198 2
457 457 29
235 631 2
66 48 1
69 5 3
298 298 18
482 681 1
483 483 106
484 681 1
485 485 2
339 166 1
337 337 88
486 681 1
150 121 1
487 681 1
333 681 4
488 215 1
317 614 2
276 318 1
489 78 1
5 253 3
43 526 3
490 490 12
191 234 1
43 43 1368
211 398 1
185 150 14
133 235 1
81 81 19572
150 58 2
5 178 44
5 219 1
5 131 1
344 344 135
115 681 1
51 51 157
5 53 67
491 491 14
492 492 10
235 48 4
75 29 14
21 21 6
493 681 1
42 83 4
494 517 1
469 469 18
104 104 23
490 94 1
24 397 1
495 495 15
496 496 33
391 681 2
186 82 1
217 482 1
497 497 39
19 66 3
498 123 1
257 681 1
391 19 1
69 69 623
60 621 1
388 542 1
53 535 1
499 499 7
500 500 3
417 681 1
178 669 24
260 99 1
501 681 1
5 92 3
502 681 1
503 503 4
463 681 1
128 128 89
185 399 13
133 670 62
33 33 2870
53 185 4
504 124 1
338 395 1
505 681 3
357 133 2
506 681 72
507 507 7
178 121 20
508 681 3
101 101 12
45 442 6
5 609 1
124 124 118
509 116 1
510 510 3
122 16 1
166 297 1
511 85 1
207 681 1
19 19 268484
366 551 1
133 150 3
93 136 1
10 175 1
368 368 97
512 681 16
83 13 1
106 222 1
319 319 60
353 681 1
42 384 3
513 681 1
5 220 1
178 277 2
514 681 1
515 515 29
208 208 3
216 325 1
214 227 1
130 7 1
516 681 1
517 138 1
5 217 1
117 570 1
394 212 1
518 518 1
519 488 1
419 681 1
520 520 11
124 496 1
33 19 5
66 473 7
521 681 1
133 5 9
141 32 1
48 75 3
338 193 1
397 397 14
20 679 1
519 519 11
180 180 59
81 48 5
10 130 2
522 681 1
120 120 199
141 121 1
36 513 1
464 464 98
5 389 1
479 479 21
321 670 1
155 155 55
116 319 1
523 523 25
420 681 1
436 128 1
131 131 137
259 681 1
5 33 25
22 126 1
48 681 24
311 681 5
334 576 1
337 17 2
524 524 58
267 681 1
306 254 1
20 330 2
440 440 2
28 294 1
31 19 17
5 344 3
121 5 1
5 117 2
75 681 47
37 401 1
185 681 43
5 243 1
525 525 16
24 41 1
401 163 1
526 681 3
133 133 25162
243 269 1
133 33 1
220 208 1
5 58 75
33 387 1
527 681 3
528 528 1
401 246 1
529 529 30
19 459 2
31 512 15
446 681 2
530 530 13
531 681 2
532 681 1
219 219 42
178 42 1
461 568 1
78 5 1
115 115 10
533 681 2
126 681 1
534 534 1
346 346 13
450 450 75
535 681 1
314 314 7
5 75 21
67 48 2
536 536 3
5 446 1
537 681 64
5 337 3
538 538 42
539 681 2
48 81 10
540 540 67
232 232 27
261 278 1
541 681 1
45 176 1
131 374 1
542 542 12
217 217 319
536 12 1
472 79 1
543 209 1
544 544 56
67 53 3
545 639 1
546 546 10
75 561 17
75 117 2
547 547 216
277 121 1
132 681 1
43 221 2
412 251 1
341 341 77
494 494 39
45 48 1
548 681 1
5 211 3
88 681 79
549 549 2
425 264 1
3 172 1
379 69 3
412 681 1
550 681 1
498 498 1
542 681 1
231 127 1
254 468 1
245 681 1
129 129 14
532 55 1
93 5 1
113 313 1
117 31 1
487 487 8
319 603 1
551 551 6
387 69 1
140 430 3
552 552 30
553 304 1
284 532 1
545 545 79
58 19 170
547 178 2
20 121 1
243 195 4
514 333 1
10 406 1
376 366 1
277 150 2
222 559 1
481 481 27
3 681 1
554 554 3
13 452 2
218 218 36
28 527 3
391 20 1
217 681 2
67 75 2
75 53 5
10 293 1
31 59 1
333 333 213
12 12 1
555 555 48
556 556 4
81 88 9
557 189 1
219 681 1
191 191 109
496 587 1
558 23 1
5 157 1
60 60 95
559 559 49
560 560 8
324 487 2
43 235 3
561 681 19
277 681 9
551 550 1
83 681 6
198 198 88
5 62 1
4 263 1
5 36 2
58 58 19388
562 248 1
5 19 704
38 681 1
413 131 1
221 681 1
62 22 1
503 681 1
225 165 1
88 282 2
5 2 1
19 292 1
20 20 338
377 681 1
331 681 2
563 563 6
564 681 1
229 93 1
277 277 535
217 446 2
5 3 2
565 681 9
178 13 1
566 225 1
53 53 19271
567 567 5
5 356 1
62 143 1
568 472 1
569 569 8
570 681 1
150 201 1
201 178 1
5 28 4
172 681 1
571 681 1
456 461 1
243 563 1
223 424 1
176 45 1
497 681 1
190 540 1
409 681 1
483 522 1
468 236 1
178 681 122
5 140 3
551 358 1
572 572 5
420 420 45
573 573 47
309 349 1
159 213 1
574 453 1
575 575 42
195 287 2
339 579 1
576 607 1
42 273 5
379 681 2
577 577 8
578 681 1
443 443 8
269 681 3
62 87 1
453 276 1
19 561 1
150 5 3
5 130 1
396 396 47
5 466 1
579 528 1
96 228 2
580 580 25
467 681 1
563 503 1
547 628 1
186 15 1
186 529 1
392 392 24
175 63 1
511 511 16
253 681 2
460 460 11
42 681 7
514 514 52
579 579 1
83 365 1
195 355 2
293 293 51
5 681 74969
27 624 1
22 481 1
150 321 1
441 501 1
271 681 1
581 239 1
333 42 2
155 241 1
582 582 1
583 681 2
33 31 10
121 681 50
387 272 2
209 209 23
5 42 3
584 681 56
242 242 72
364 622 1
5 334 4
185 637 18
5 256 1
120 295 1
365 681 1
13 178 3
321 150 6
585 681 1
586 76 1
587 587 37
456 681 1
5 331 4
108 681 2
267 207 2
67 67 525
5 190 3
588 1 1
330 19 2
394 43 2
367 367 17
589 115 1
103 250 1
150 66 2
479 145 1
116 142 1
557 557 12
321 19 8
277 201 1
499 50 1
5 394 1
590 681 5
121 547 2
341 6 1
547 681 3
10 485 1
135 135 3
591 591 10
5 162 1
546 681 1
140 75 9
243 243 180
351 340 1
10 538 1
407 54 1
342 456 1
280 644 1
5 390 2
281 281 2
272 272 35
278 103 1
476 476 27
185 19 18
197 681 1
504 504 49
99 99 1
89 180 1
5 338 2
450 681 2
293 157 1
480 438 1
156 156 18
553 553 5
5 341 1
446 235 1
150 31 5
85 85 77
5 41 1
96 211 1
592 681 1
330 330 167
593 681 4
407 204 1
594 51 1
228 229 1
5 69 10
370 420 1
140 140 871
595 595 15
540 371 1
355 553 1
489 489 19
5 321 10
356 346 1
592 592 5
596 596 2
195 681 2
597 681 1
171 92 1
598 681 1
599 147 1
240 285 1
10 10 507
360 153 1
19 58 123
9 362 1
88 19 11
600 600 14
5 450 1
323 323 18
472 472 32
357 676 7
67 681 4
79 79 23
601 681 1
310 310 2
488 488 10
19 75 21
45 681 18
411 411 28
602 602 25
5 191 3
58 326 58
419 419 35
395 457 1
603 681 1
43 133 1
604 681 4
141 447 1
477 477 1
84 25 1
321 117 1
277 386 1
446 58 1
605 681 1
236 236 6
606 681 1
5 121 28
591 681 1
607 681 1
375 375 24
190 681 1
121 150 2
608 681 1
609 520 1
377 377 54
52 655 1
544 456 1
81 681 202
174 544 1
48 58 2
33 5 5
176 445 2
98 98 12
610 673 1
27 27 51
242 554 1
81 537 63
5 63 2
515 271 1
5 87 1
371 437 1
611 134 1
93 228 2
612 681 1
45 470 9
202 2 1
127 478 1
5 116 1
509 509 1
492 471 1
595 591 1
5 13 5
66 681 19
437 437 1
121 141 3
300 300 50
66 88 1
20 681 5
66 45 3
357 176 1
339 338 1
379 379 474
471 471 5
82 82 9
235 235 676
313 313 426
613 613 11
614 681 2
615 267 1
158 158 36
599 599 3
117 681 4
534 494 1
246 413 1
341 385 1
602 486 1
616 681 1
617 681 1
576 24 1
121 121 5930
19 277 2
338 303 1
128 469 1
558 558 3
287 287 139
582 681 1
31 75 1
596 613 1
349 349 23
521 521 45
69 649 2
578 578 1
64 106 1
618 681 1
5 218 1
185 669 1
42 121 6
69 387 4
313 619 1
170 681 1
19 150 111
329 198 1
619 681 1
93 341 1
493 493 12
211 681 2
620 620 8
28 656 1
621 592 1
622 156 1
476 393 1
303 98 1
58 681 201
381 510 1
5 49 1
407 675 2
210 569 1
22 22 827
117 185 1
5 277 2
140 321 2
623 681 5
624 681 1
25 90 1
185 53 15
172 172 62
28 45 2
625 681 1
407 475 1
279 45 1
357 58 3
352 352 21
626 626 4
627 627 7
291 291 46
412 381 1
620 323 1
568 568 12
628 681 1
122 464 1
454 454 9
629 629 22
237 425 1
106 106 142
5 208 1
19 53 110
248 44 1
81 66 1
630 308 1
23 173 1
5 166 1
631 681 2
83 432 1
467 580 1
632 681 2
315 334 1
481 640 1
42 150 1
81 133 8
193 231 1
540 589 1
279 159 1
474 681 1
629 666 1
19 33 2
524 202 1
356 536 1
587 230 1
111 30 1
178 270 21
304 304 127
633 633 16
355 269 1
53 681 209
634 681 3
22 504 1
31 185 5
163 131 1
11 11 13
356 327 1
287 187 1
61 309 1
379 258 1
618 618 21
530 426 1
187 200 1
576 576 19
313 484 1
635 635 2
569 390 1
636 636 4
637 681 19
81 5 5
357 357 811
133 53 15
5 173 1
373 373 4
547 13 1
80 681 1
333 113 1
529 664 1
185 33 6
638 232 1
544 118 1
81 150 4
31 53 28
264 264 2
639 681 1
640 640 4
364 364 18
46 46 192
641 681 1
75 19 40
391 305 2
618 645 1
53 5 4
87 281 1
357 81 2
642 642 35
41 313 1
329 681 1
435 149 1
139 139 2
463 436 1
491 465 1
58 68 53
429 402 1
589 589 4
467 467 72
201 681 23
149 149 39
30 30 28
81 19 129
355 355 43
5 195 6
643 243 1
154 324 1
644 681 1
5 271 1
645 645 7
5 93 1
133 185 7
344 201 2
642 681 1
559 681 1
150 133 4
84 84 142
142 142 19
646 646 4
51 237 1
166 360 1
19 110 810
567 681 1
133 681 277
387 650 1
37 144 1
195 500 1
55 411 1
5 669 4
647 681 1
40 40 11
195 269 1
361 361 7
648 648 15
181 181 2
19 665 1
359 359 15
150 336 1
49 588 1
387 317 3
121 178 39
341 5 1
649 681 2
146 146 82
441 627 1
5 235 4
650 681 1
370 681 2
5 319 2
516 516 17
337 248 1
418 418 1
529 681 1
347 681 1
201 277 4
5 66 7
475 475 6
638 638 3
355 376 1
651 651 15
652 681 73
653 653 29
150 53 3
13 681 3
133 19 243
5 133 62
222 101 1
321 152 3
256 333 1
241 241 4
235 681 7
5 170 1
280 115 1
654 515 1
253 253 183
378 636 1
580 422 1
379 191 2
41 681 2
331 331 173
655 681 1
407 407 113
455 107 1
31 321 2
610 610 22
313 681 6
42 42 975
89 681 1
66 66 1300
237 435 1
523 122 1
528 339 1
186 186 161
598 598 1
5 127 1
656 656 78
51 37 1
657 594 1
64 64 93
34 625 1
48 133 9
317 681 2
5 464 3
334 298 1
5 60 2
540 184 1
640 599 1
5 575 1
500 681 1
545 483 1
277 19 3
75 31 3
633 219 1
92 279 1
122 681 2
658 681 1
76 76 63
258 258 5
588 588 7
5 155 1
622 622 11
222 222 184
412 412 43
5 347 1
5 124 1
659 681 10
19 31 18
299 172 1
19 185 11
358 91 1
84 8 1
363 363 33
7 7 24
461 681 1
18 146 2
334 681 2
538 681 1
594 594 66
121 201 2
416 416 7
265 323 1
330 632 2
41 25 1
451 681 1
217 81 1
124 238 1
660 660 9
172 530 1
49 681 1
656 681 1
195 307 3
661 661 7
662 662 61
69 104 1
517 517 8
34 34 63
201 19 3
662 335 1
246 246 59
271 345 1
321 681 22
5 282 88
282 5 4
44 407 1
415 77 1
69 638 1
195 195 266
663 681 1
178 547 1
28 539 2
5 34 1
328 328 2
221 612 1
235 321 2
664 664 2
5 27 1
665 681 1
145 145 37
666 681 1
253 514 2
75 81 4
389 450 1
425 425 35
302 302 111
379 409 1
163 630 1
330 391 1
120 462 1
182 460 1
609 609 46
321 321 2097
13 13 800
133 597 1
5 274 1
520 521 1
121 13 2
308 681 1
5 31 34
3 434 1
421 246 1
220 662 1
562 562 15
667 667 13
293 5 1
347 43 1
282 282 9806
438 438 2
441 280 1
555 220 2
5 286 1
191 104 1
340 223 1
321 66 2
174 174 33
5 543 1
573 566 1
275 681 1
79 681 1
321 31 1
304 334 1
405 610 1
334 203 1
594 681 2
466 410 1
321 69 1
186 681 2
566 566 44
187 498 1
131 174 1
345 345 1
572 440 1
525 304 1
311 311 201
20 311 3
393 672 1
42 19 2
5 412 1
5 252 1
543 543 32
131 388 1
668 681 1
532 532 46
389 186 1
382 117 2
278 161 1
249 249 1
66 58 5
133 75 6
56 451 1
134 654 1
669 681 920
211 368 1
390 680 1
464 495 1
133 48 4
362 362 35
5 555 1
549 299 1
31 133 15
600 188 1
165 300 2
193 193 52
5 532 1
19 5 30
166 193 1
63 519 1
45 43 2
670 681 64
671 681 1
19 140 4
331 316 1
235 45 2
646 594 1
615 615 20
522 522 10
672 681 1
475 34 1
43 681 13
673 673 8
5 544 2
218 466 1
674 681 2
19 81 68
5 420 1
417 489 1
58 133 4
140 5 1
518 545 1
73 73 35
204 571 1
510 139 1
586 586 50
235 133 1
630 630 4
321 133 12
75 75 5066
5 67 3
5 84 1
127 127 19
675 681 2
78 78 12
448 681 1
494 618 1
117 458 5
53 75 5
242 681 1
289 289 9
123 123 4
645 51 1
177 177 5
211 5 2
676 681 7
457 611 1
575 681 2
83 42 1
354 354 8
269 269 129
220 220 36
487 493 1
677 681 1
5 425 1
157 137 1
75 5 5
19 391 2
678 678 5
187 256 1
311 641 1
387 387 364
679 681 1
383 681 1
648 14 1
317 33 1
287 253 1
83 311 1
662 557 1
404 404 30
91 681 1
93 681 1
14 14 14
131 643 1
269 177 1
262 306 1
351 351 41
100 100 7
441 540 1
552 33 1
157 157 129
387 681 2
41 531 2
19 681 2898
621 621 11
496 646 1
60 681 1
144 144 19
31 5 2
680 681 1
162 132 1
106 681 2
457 595 1
