1 3156 1
2 2 230
3 67 6
4 1253 2
5 5 1
6 3156 2092
7 97 1
8 569 1
9 9 368
10 10 2
11 3156 1
12 12 67593
13 1610 1
14 405 1
15 3156 1020
16 3156 1
17 17 1
18 2235 1
19 1655 1
20 178 2
21 1418 1
22 3156 2
23 2804 1
24 3156 2
25 3156 1
26 3156 1
27 324 1
28 1158 4
29 242 2
30 2371 4
31 31 193
32 32 3
33 3156 1
34 437 1
35 2679 1
36 36 10
37 37 46
38 3076 1
39 39 7
40 3156 1
41 41 2
42 3156 1
43 43 17
44 44 1
45 45 56
46 46 60
47 1929 1
48 3156 1
49 1753 1
50 493 1
51 3156 27
52 3156 25
53 3156 3
54 2961 1
55 55 11
56 1596 2
57 3105 1
58 58 15
59 3156 1
60 60 2
61 2133 1
62 1652 2
63 2266 1
64 3156 1
65 3093 1
66 66 52
67 3156 380
68 3156 2
69 69 1
70 1960 1
71 71 18
72 3156 1
8 821 2
73 3156 1
74 74 61
75 75 122
76 3156 1
77 77 5
78 1957 1
79 79 32
80 80 57
81 78 1
82 82 1
83 1174 1
84 371 2
85 3156 1
86 1867 1
87 87 7
88 88 1655
89 89 7
90 3156 2
91 91 3
92 2429 2
93 93 29
94 94 107
95 3156 1
96 6 103
97 97 3
98 515 1
50 2141 1
99 2108 1
50 368 2
8 2303 1
100 100 1
101 101 7
102 2078 30
103 3156 1
104 471 1
105 572 11
106 3156 1
107 3156 29
108 2435 1
109 2339 1
110 110 34
111 1781 1
112 3156 1
113 3156 1
114 114 7415
115 1516 1
116 2970 33
117 2933 1
118 118 87
119 119 24
120 343 1
121 1191 2
122 1783 1
123 522 4
124 3156 1
125 3156 1
126 849 1
127 1243 2
128 584 5
18 18 1
129 733 6
130 3156 1
131 3156 3
132 132 87
133 3081 1
29 1028 1
134 1930 1
135 3156 15
136 2136 1
137 137 8
138 3156 4
139 2203 2
140 865 35
141 141 1255
142 142 23
143 2764 1
141 2363 5
144 3156 1
145 2182 2
140 732 36
146 3156 4
147 3156 1
148 164 1
149 794 1
150 150 1
151 930 1
152 152 8
153 3156 1
154 154 5
155 3156 1
156 156 47
157 157 4
158 3156 5
159 849 15
160 3156 1
67 1279 1
161 3156 1
162 162 340
163 1677 1
164 3156 442
165 1889 1
166 3156 7
167 665 1
168 3156 2
169 169 14
170 1438 1
171 171 73
172 1879 13
173 1142 1
174 1417 1
175 175 3
176 2127 2
177 3156 1
178 416 3
179 2201 1
180 3156 1
181 3156 2
182 182 62677
183 3156 9
184 184 2028
185 3156 2
186 2448 1
97 3156 1
187 187 7
188 3156 74
189 2294 1
190 190 107
191 191 771
192 192 789
193 2061 2
194 2558 1
195 1570 1
123 123 623
196 765 2
197 197 205
198 3156 1
199 3156 17
200 2598 1
201 3156 2
202 3156 1
203 1134 1
204 285 1
120 44 1
205 205 4
206 1660 1
170 170 44
149 149 5
207 3156 3
208 2255 1
209 209 118
210 3156 7
193 193 847
211 211 811
212 212 169
213 213 30614
8 714 1
214 214 124
116 116 9367
215 215 2902
98 2304 1
182 1120 1
96 3052 1
216 3156 1
217 3156 125
218 3156 2
219 1148 1
98 98 130813
163 1354 1
220 220 729
221 221 1
222 222 29
223 2236 5
224 1943 1
225 3156 2
226 226 1
29 2902 1
227 3156 1
228 1046 3
229 229 13
230 230 1990
231 231 12
232 232 61
99 1371 1
159 2837 1
233 3156 2
234 234 134
235 3156 1
129 3156 29
236 2873 5
237 237 5
238 238 91
239 3156 1
240 3156 45
241 804 1
242 1302 1
243 1722 1
212 404 1
244 582 1
245 828 3
246 3156 2
247 247 7
248 378 1
249 2342 1
250 3156 1
251 547 1
252 2533 1
253 3156 1
254 3156 1
255 3156 1
256 3156 1
257 257 16
182 2891 1
258 3156 2
259 259 7
260 2560 1
261 800 1
262 3156 316
263 1456 7
264 3156 1
265 1573 1
50 514 2
266 266 10
267 655 1
268 268 1
269 269 21
270 270 4
271 3156 1
272 803 1
50 1625 4
273 3156 2
274 3156 3
275 275 20
50 1186 1
26 26 15
276 276 736
277 3156 1
278 278 10
279 1355 3
280 3156 2
281 1256 1
282 3156 183
283 3156 1
284 3156 7
285 812 1
50 91 1
286 3156 1
287 709 1
288 288 12
289 289 39
290 1453 1
291 3156 4
292 1947 2
293 148 1
294 3156 33
295 3156 1
296 1465 1
297 3156 1
99 278 1
298 1151 10
299 3156 1
30 1890 4
300 2698 1
208 2563 1
301 1223 1
302 3156 1
303 3156 169
304 1630 1
305 3156 42
306 3156 2
307 307 70
308 3156 2
309 163 10
8 2511 1
310 3156 1
311 3156 42
312 2739 1
313 3156 1
314 3156 3
172 1991 1
315 316 2
316 316 63
317 2386 1
318 3156 1
159 653 2
319 319 62
320 320 35
321 321 43
322 3156 6
323 2229 1
8 159 24
324 324 19
281 2674 1
208 326 1
325 3156 2
326 3156 16
261 2421 1
327 2024 1
43 707 1
328 2340 2
329 1975 1
330 2499 5
331 2849 28
332 489 1
333 75 1
334 334 18
335 40 1
336 989 50
230 3100 10
337 3156 1
338 1125 6
339 3156 1
340 2728 1
341 341 4
342 2924 1
343 1557 1
344 3156 1
345 3156 1
346 684 1
29 1704 10
347 347 36
348 3156 5
349 349 59
350 777 1
351 3156 14
352 3156 1
353 353 1
354 3156 7
355 355 10
356 3156 1
357 3156 29
358 2658 1
359 1741 1
360 616 1
134 134 1
361 3156 2
362 987 2
50 1298 1
363 3156 7
163 2870 1
364 364 896
365 3156 3
366 2170 6
367 1057 1
368 3156 285
263 1723 1
369 3156 18
370 2628 9
371 646 2
372 3156 5
373 3156 1481
374 3156 1
375 375 1
376 3156 31
377 377 37
378 378 22
379 379 6
380 3156 1
8 1237 18
381 381 201
382 3156 1
329 3156 16
383 3156 3
384 3156 1
38 1050 1
385 385 3
386 624 5
387 3156 12
388 2237 1
169 574 1
389 389 62
390 3156 1
391 391 125
392 2470 1
350 733 19
393 393 13
163 519 1
394 585 1
395 3156 1
396 3156 1
397 1104 1
398 3156 3
399 3156 1
400 400 109
401 401 21
402 3156 18
403 1641 20
195 580 1
404 404 15
38 1718 1
117 117 104
405 1866 1
406 743 1
166 216 1
50 3020 2
407 3156 10
159 1144 1
362 1825 1
408 408 189
409 3156 1
410 3156 1
411 121 1
412 3156 51
322 2828 1
413 2953 1
414 414 3835
415 1729 1
416 416 3229
213 444 3
417 3156 1
159 1210 1
418 3156 7
419 419 408
420 210 7
421 3156 1
30 3156 36
422 1892 1
423 3002 4
158 2526 1
424 2358 1
425 3156 1
426 3156 1
427 3156 3
428 3156 1
429 3156 16
430 182 2
431 431 8
432 2784 5
433 433 2
434 757 2
435 1667 1
336 2412 1
436 2731 1
437 2309 1
438 3156 1
439 3156 1
440 2878 1
202 202 8
441 3156 1
442 3156 1
443 443 4818
444 3156 78
62 62 55
445 1016 1
446 2224 1
447 447 73
323 1041 4
8 360 1
448 3156 6
293 697 11
449 927 1
450 2577 1
451 1702 1
21 934 6
452 452 667
453 3156 7
56 2343 1
454 1933 7
332 1952 1
8 105 15
50 295 1
455 2322 1
456 1376 1
457 3156 1
458 995 1
459 3156 4
460 2735 1
461 3053 1
394 394 392
462 685 1
463 1669 1
464 464 68
213 211 3
465 3156 5
466 466 15
467 3156 5
355 277 1
468 2015 1
331 440 1
469 469 118
470 328 1
471 471 43
281 3156 9
159 963 1
472 1510 1
473 3092 1
474 3156 1
475 3156 149
476 3041 1
477 477 21
342 3060 45
478 2198 1
479 3156 3
480 3156 79
362 1472 1
481 481 40
482 3156 63
483 484 1
484 484 1
485 27 1
486 3156 268
487 444 2
488 3156 3
489 3156 1
490 3156 12
491 491 181
492 1324 1
493 109 1
494 3156 1
495 789 1
496 3156 8
497 497 97
498 498 167
499 1034 1
500 500 2788
501 1469 1
502 660 119
503 3156 2
504 504 46
505 3156 2
506 3156 2
507 3156 1
508 3156 3
159 2493 1
94 2733 1
509 3156 5
510 3156 1
511 241 1
512 3156 3
75 3121 1
121 121 139
513 3156 1
514 1270 1
79 36 1
515 3156 1
412 916 1
516 2083 2
517 3156 1
518 3156 1
519 519 8
50 189 2
520 3156 129
521 521 6
522 3156 4
523 3156 1
524 1165 1
38 2340 3
525 525 33
526 1406 1
521 1401 1
159 42 2
527 527 30
528 1376 2
127 84 1
133 555 1
529 3156 137
530 3156 26
453 453 338
531 1993 1
532 68 1
533 3151 1
534 534 62
535 95 1
536 587 1
537 3156 11
538 538 12
539 3156 10
540 2661 1
541 1992 1
452 2204 5
542 3156 1
534 2057 1
543 3156 8
544 3156 51
545 3156 87
546 1536 1
547 3156 1
548 3156 1
549 2257 1
550 550 80
551 3156 29
552 3156 1
553 1965 1
554 2029 2
555 1865 1
556 556 593
557 3156 1
558 3156 1
559 1478 1
560 1619 1
561 3156 1
23 2353 1
562 3156 11
563 3156 2
564 564 61
565 386 1
208 2459 1
566 3156 1
50 637 1
567 2861 4
568 2568 1
569 3156 1
570 570 29
23 3156 801
571 571 1343
572 2672 8
573 3156 3
574 3156 1
575 3156 2
576 576 8
577 577 184
578 3156 1
579 579 21
580 2614 1
581 581 39
582 582 37
583 3017 1
584 198 1
363 363 241
585 3156 1
182 6 181
163 1141 2
586 553 2
163 342 2
587 3156 1
588 2532 2
102 2703 1
589 589 1
590 3156 1
591 591 593
592 592 96
276 3156 10
50 1936 2
96 2838 2
593 3063 1
252 2341 1
594 594 91
595 3156 2
596 596 13
12 920 1
597 2776 1
598 3156 1
599 21 4
600 3156 19
408 3156 5
601 601 49
602 602 40
603 3156 16
604 604 50
411 2685 1
605 54 9
606 606 15
41 3156 1
472 721 1
607 3156 37
608 608 1
609 609 123
610 3156 1
611 2613 1
612 1708 2
572 2723 8
613 613 7
614 2916 1
615 615 1947
616 3156 1
617 617 64
380 453 1
618 3156 1
50 2535 1
619 2028 23
373 13 3
620 620 16
621 621 15
622 3156 17
623 3156 13
624 1737 1
625 185 2
267 477 1
260 3156 2
626 3156 1
413 3156 1
627 1880 1
628 3156 1
629 2465 1
630 3156 1
631 1337 1
632 2534 1
633 3082 1
634 634 101
635 3156 1
636 636 9
637 3156 9
638 1448 6
8 267 23
639 1620 1
640 1185 1
641 3156 1
298 403 12
642 3156 1
643 643 11
644 3156 1
645 2865 1
646 3156 2
462 3156 1
594 302 1
611 611 818
647 896 1
159 535 1
3 2773 1
648 648 13
649 3156 1
650 650 21
651 651 59
652 3156 3
30 3136 1
389 3156 1
653 653 40
180 180 29
654 3156 1
655 3156 20
625 625 226
656 3156 9
657 657 9
261 2943 2
526 2864 4
658 658 1
659 2223 1
660 660 9
661 3156 16
74 1494 1
662 3156 46
663 2347 1
664 3156 1
665 3156 1
666 666 3
667 667 15
668 923 1
8 1946 1
669 623 3
670 670 78
671 671 11
672 3156 1
510 333 1
324 631 1
673 3156 1
159 2481 1
223 223 835
674 796 2
98 157 391
675 3156 15
293 1159 1
676 3156 8
99 1458 1
677 3156 7
678 3156 3
679 2829 1
12 2226 1
680 3156 72
373 21 2
681 3156 1
682 3156 7
683 683 56
684 309 1
685 3156 1
686 3156 2
267 1407 1
687 2121 1
688 3156 1
689 1483 1
690 3156 1
691 3156 113
507 507 26
692 692 4
693 693 79
694 179 1
8 6 1805
163 2541 2
528 528 161
529 2769 13
647 2732 1
695 3156 3
460 3156 4
309 3149 8
696 3156 1
697 3156 11
386 2692 3
21 363 1
211 831 1
698 698 960
415 29 34
21 692 1
3 193 1
699 3115 3
700 3156 1
701 3156 175
702 2579 1
703 521 1
704 2457 4
342 1481 1
163 575 1
163 1811 1
705 705 6
50 942 1
706 3029 1
707 3156 1
708 3156 16
709 3156 1
710 3156 72
711 711 8
148 148 1130
159 2753 1
623 1678 1
148 476 6
8 734 1
712 712 9
713 1836 2
714 714 36
534 3156 3
715 3156 8
716 626 1
717 3156 1
718 1434 1
47 47 6
719 719 141
614 2789 1
720 3156 1
721 3156 1
722 1588 1
336 2917 1
723 3156 1
724 1432 1
725 3156 7
726 3156 4
727 3156 1
309 3110 6
728 3156 8
729 729 3
730 3156 1
731 1497 1
8 3156 14471
732 3156 36
733 691 1
653 3156 2
8 1576 1
734 1197 1
735 1410 1
736 2132 1
103 103 1
615 652 2
737 46 2
738 738 90
739 739 868
740 3156 1
741 349 1
742 3008 97
206 206 57
743 743 18
744 3156 1
364 2574 1
745 745 704
50 1820 1
159 412 1
746 746 3
50 673 1
747 3156 3
748 3156 8
516 3156 2
749 3156 1
750 3156 5
751 3156 1
752 3086 1
753 3156 95479
754 1378 1
755 755 13
756 756 6
757 3156 2
758 758 236
759 3156 9
760 2646 1
761 1558 1
762 762 146
763 763 4
764 1553 1
761 761 64
336 690 1
201 201 121
765 431 1
766 962 1
767 767 58
358 3156 130
454 454 1143
768 3156 1
362 38 48
769 769 33
267 2143 1
770 2606 9
51 2085 1
771 3156 299
772 3156 1
343 343 79114
773 3156 2
774 3049 1
70 846 1
252 2466 1
775 2207 28
776 3156 2
98 2517 1
777 2434 1
50 408 2
778 778 40
779 779 14
343 2522 1
780 1818 1
8 1107 2
208 1747 1
781 781 3
163 1926 1
782 2039 1
541 738 1
783 3156 1
784 784 89
785 785 59
319 3156 1
786 599 3
787 372 5
551 2834 6
50 2639 1
788 3156 1
486 486 11591
789 92 3
50 1065 2
790 790 155
791 791 87
28 849 4
303 2405 1
792 3156 1
793 1682 1
315 315 112
794 3156 1
795 795 52
434 3156 8
796 1568 1
797 576 1
798 798 15
546 723 1
799 3156 1
800 2993 2
801 801 45
8 1942 1
323 2 1
802 1063 1
803 3156 1
804 3156 1
805 232 2
806 806 337
807 1427 1
808 808 87
338 3156 30
809 2849 1
810 3156 1
811 3156 2
812 888 1
813 3156 1
814 814 25
815 990 1
420 1049 5
816 3156 1
336 1290 63
358 313 1
487 487 47715
817 817 40
818 3156 1
819 3156 432
245 245 265
820 3156 1
135 135 491
821 652 1
50 1654 2
373 1113 1
440 1396 8
822 822 7
823 310 1
78 78 52
824 3156 1
825 825 1116
826 3156 2
148 3156 28
827 1203 1
828 1875 1
50 1999 1
163 2067 1
829 3156 1
830 3156 2
831 831 66
832 3087 2
833 772 1
834 1981 1
165 1905 1
835 835 11
328 708 16
836 175 1
671 3156 1
102 2195 1
837 2445 9
838 838 32
839 839 5
840 3156 1
186 443 2
756 3156 1
159 1499 1
841 3156 1
842 3156 2
843 843 94
844 2995 1
845 3156 1
615 3118 6
846 846 2
50 2566 2
847 3156 2
566 566 23
848 1133 1
849 1381 14
850 2525 1
12 601 1
851 3156 1
162 1829 2
852 3156 1
853 3156 1
132 3156 3
854 2262 7
855 855 143
21 2513 1
487 1241 1
856 3156 2
487 1252 1
857 3156 3
546 3156 1
414 1855 1
858 1721 2
452 1123 1
859 3156 1
860 860 5
50 2941 1
197 2539 2
50 919 1
861 2967 1
862 862 9
863 863 49
864 3156 1
865 3156 35
866 866 34
742 2578 126
473 2482 7
867 3156 1
868 3156 1
166 2549 1
869 3156 5
21 1706 1
596 186 1
870 870 1
871 3156 1
53 53 125
872 2484 1
873 735 2
874 874 17
875 3156 54
876 1471 2
877 1528 3
878 878 3
879 3156 1
880 880 31
881 3156 24
882 3156 26
317 1075 3
23 1550 1
883 452 4
884 884 20
885 3156 1
699 1205 4
886 435 1
887 3156 2
214 1470 1
331 1091 1
403 403 7501
236 3156 46
888 888 11
889 889 25
890 3156 6
891 3156 1
892 3099 1
893 3156 1
894 2463 1
182 1731 1
722 2635 1
895 3156 12
163 2451 1
896 3156 1
897 2836 1
876 876 174
836 2389 2
877 2689 3
456 3156 2
898 898 113
899 1244 1
8 11 1
373 357 1
900 900 2
901 3135 2
163 214 1
282 2811 1
457 457 10
902 3156 1
903 1381 24
614 2882 1
317 2803 1
163 76 1
904 2263 1
905 2875 4
29 236 1
906 906 7
535 238 1
114 1043 21
472 213 1
50 2456 1
907 3156 17
908 3156 1
163 1385 2
909 3156 3
910 2793 9
50 1616 1
911 273 1
912 912 31
913 3156 20
914 1452 1
915 3156 3
916 2496 26
623 623 320
917 3156 1
918 3156 2
919 919 1642
93 3156 1
920 3156 1
557 604 1
921 921 4
152 2288 1
775 3156 210
8 1157 1
764 3156 17
922 922 4460
923 3156 1
924 3156 2
550 903 2
925 1644 3
926 3156 1
927 3156 1
928 928 4
929 929 3
930 203 1
931 931 9
201 2788 1
868 868 8
932 3156 1
497 2113 1
933 3156 1
934 37 2
935 1868 1
936 3156 1
937 3156 1
8 636 2
284 1962 1
938 938 68
939 939 79
940 3156 2
941 941 804
128 897 6
942 3156 6
638 3156 52
943 411 2
50 2431 1
944 944 20
288 1254 1
304 304 20
945 3156 1
946 3156 1
947 1745 37
728 9 1
948 3156 2
949 3156 1
950 3156 7
951 951 140
952 952 31
953 953 148
954 3156 2
955 955 8
956 956 1415
957 957 5
958 1330 1
787 787 2828
901 901 477
959 3156 15
33 33 9
20 2919 1
960 2247 2
486 1072 1
961 3156 1
962 962 84
963 2706 6
964 3156 8
965 965 68
966 3156 1
98 448 1
208 502 1
967 871 1
968 3156 1
140 3156 301
969 3156 6
970 3156 61
971 3156 1
972 3156 3
973 3156 1
974 974 14
975 991 1
976 976 1
977 3156 1
978 3156 4
98 114 3
163 486 1
552 552 18
70 3156 375
979 1239 1
980 3156 1
981 3156 1
982 982 131
50 2077 1
164 504 1
983 983 21
984 984 86
850 2766 1
985 3156 15
986 3156 4
987 96 1
212 674 1
988 2792 1
118 3156 3
989 3156 50
621 2420 1
524 2185 2
990 3156 1
991 991 488
992 3156 1
935 3156 53
967 1726 1
224 2426 1
837 837 3717
532 312 1
993 3156 17
734 2562 2
211 2799 2
994 3156 2
584 3156 9
38 3156 2211
995 3156 1
996 3156 1
997 3156 3
998 998 15
999 2887 5
1000 1000 9
845 845 63
1001 3 1
1002 1002 4193
775 611 2
1003 695 3
1004 3156 1
50 1168 3
1005 1005 134
1006 3156 5
1007 1007 1
1008 1008 1
1009 3156 1
127 3156 14
1010 3156 1
1011 1958 1
1012 1012 6
1013 1013 44
1014 1692 1
1015 3156 5
1016 2043 1
1017 2179 1
1018 202 1
303 605 2
8 1338 1
1019 3156 1
1020 3075 5
478 478 2
1021 311 1
914 914 421
1022 3156 90
1023 2978 2
1024 1024 22
1025 1025 67
1026 1026 25
1027 3156 3
683 3156 1
1028 3156 1
322 902 1
1029 3156 128
1030 3156 1
1031 1031 28
1032 1032 44
1033 1033 9
31 3156 7
1034 2305 1
1035 1035 5
1036 1036 36
317 663 1
540 1462 1
1037 3156 1
602 3156 1
21 2603 2
166 657 1
244 2939 34
1038 1903 1
1039 3156 7
1040 3156 1
1041 2976 4
50 619 4
1042 1787 1
751 751 19
193 1982 3
163 199 2
1043 3156 30
690 3013 1
1044 1527 1
1045 3156 290
1046 3156 3
8 2551 2
1047 1047 16
1048 2615 1
1049 3156 5
1050 3156 1
1051 540 3
829 829 28
1052 3156 20
1053 3156 8
1054 1054 80
1055 2962 7
1056 3156 2
267 1004 1
1057 736 1
1058 3156 2656
1059 1059 39
330 3156 79
1060 1060 319
1061 1061 207
1062 2652 1
1063 1997 1
293 164 1
1064 1064 4
1065 1065 96
1066 1066 20
1067 1067 11
412 412 2290
597 1940 1
659 659 49
159 8 15
1068 1580 2
547 547 30
1069 1069 395
1070 3156 1
1071 1071 14
1072 1072 9
1073 1411 1
1074 3156 1
1075 2016 5
1076 3156 58
930 3156 1
1077 1109 5
1078 3156 1
1079 908 2
1080 3156 1
208 2756 1
728 2265 2
1081 1001 1
117 3156 2
8 2125 1
1082 1082 60
1083 3156 14
1084 1084 7
1041 311 2
582 3156 1
515 515 9
1085 1085 3
1086 2872 1
374 374 43
1087 1087 4627
1088 1088 2
116 1521 1
1089 3156 60
1090 3156 1
1091 3156 2
312 312 118
1092 1092 5
1093 1093 5
1094 3156 1
1095 1095 121
624 38 6
1096 3156 2
1097 1054 1
1098 3156 1
897 897 652
1087 1916 1
597 2802 10
1099 3156 3
373 638 1
7 2091 9
979 979 75
214 2727 1
476 476 519
591 3156 17
1100 1404 1
407 407 270
295 2980 1
163 739 1
1101 1101 132
551 551 1175
84 1508 4
1102 3156 1
460 929 1
56 2053 1
2 3156 3
853 853 21
163 364 1
475 819 1
429 2723 3
505 505 34
812 3128 1
1103 1517 4
898 3156 4
1104 1104 12
1105 1569 1
315 2676 1
1106 1106 765
1107 1107 53
1108 1108 15
1109 1286 1
753 319 1
1110 3156 7
1111 223 1
263 263 2934
1112 3156 9
159 3156 5573
1113 3156 7
533 3156 2
1114 1114 96
849 2934 1
1115 1357 1
1116 3156 1
162 802 1
50 503 1
45 894 1
336 230 1
212 3156 4
1117 1117 79
99 678 1
545 722 1
1118 1118 6
286 286 2
1119 1119 8
76 76 39
1005 2591 1
1120 3156 1
1121 1121 248
219 219 116
1122 2907 1
1123 3156 1
1091 1851 1
1124 3156 18
1125 1125 586
1126 156 1
1127 1127 29
1128 3156 5
1129 3156 3
1130 1130 38
1131 3156 5
575 575 65
1001 2503 1
1132 3156 1
1133 579 1
531 2848 3
1134 1134 9
1135 1466 1
208 953 1
1136 3156 2
1137 3156 1
1138 3156 1
1139 2390 7
1094 1094 37
1140 3156 1
1141 1141 305
184 3156 57
1142 3156 1
163 70 1
1143 632 1
1144 1144 3
1145 2118 1
1146 2440 1
1147 3156 1
719 118 1
728 728 320
1148 2415 1
1149 3156 1
1150 3156 3
1151 3156 20
1141 3156 8
1152 3156 1
338 338 1494
670 3156 1
1153 3156 4
273 1391 1
1050 1050 20
98 266 1
1154 3156 1
1155 1155 7
1156 1156 43
1157 3056 5
317 1062 1
742 898 1
1158 1158 2
1159 1159 15
1160 3156 1
323 323 875
1161 3156 2
1162 1162 4
1163 1163 8
1164 3156 1
1125 3156 20
1165 3156 1
797 3156 1
346 3156 1
1166 1166 3
849 849 5619
1167 1167 17
12 1949 1
1168 1168 7
500 3156 72
1169 3156 1
1170 1170 20
1171 1950 1
1172 3156 2
1173 414 1
50 1672 2
1174 3156 1
104 104 21751
1175 3156 2
704 1137 1
1132 1132 31
660 3156 370
1176 1176 3803
1157 1157 1555
171 2593 1
99 1369 79
1177 1177 75
267 1704 8
435 435 59
50 444 63
1178 3156 1
946 946 96
12 49 1
1179 183 9
1180 3156 1
1181 3156 1
1158 3156 5
1182 3156 3
1183 1183 57
1184 1184 55
1185 2436 1
1186 3156 6
865 865 2
860 3156 1
934 550 2
1187 3156 1
267 1478 368
1188 1188 4405
1189 2931 15
1190 1190 135
806 3156 5
1191 403 1
1192 1192 54
1193 3156 3
50 146 1
1194 3156 2
1195 3156 1
373 373 57146
1196 3156 1
1197 3156 1
1198 3156 1
172 3156 92
49 2655 1
1199 3156 1
1200 1200 72
1201 2307 1
159 226 1
1202 3156 2
1203 1442 1
1204 3156 1
163 2129 1
1205 3156 4
1201 1201 157
1206 1206 7515
1207 3156 1
1086 2123 1
267 1917 1
1208 3156 1
386 3156 10
1209 1209 1
8 2227 1
1210 2866 2
1211 3156 3
1212 1212 12
1213 1213 5
1020 308 1
1214 3156 1
1215 3156 18
1216 3156 45
1217 3156 9
4 3156 401
1218 3156 7
1219 1219 30
1220 3156 1
1221 3156 1
1222 3156 48
1223 3156 1
1224 3156 1
1087 182 8
1225 1225 2
406 1543 3
622 622 467
361 361 12
1226 3156 2
1227 1227 25
1228 441 1
543 932 1
1229 1229 27
1230 3156 31
1231 1231 174
1232 2022 1
1233 3156 2
1234 2637 7
916 916 8698
8 1101 2
8 1643 2
535 82 37
1235 3107 4
1236 3156 1
1237 2725 1
1238 50 10
424 424 173
454 3146 3
634 3156 3
879 879 6
208 217 1
1239 3156 17
901 3156 10
432 3156 26
1240 3156 5
1241 1241 154
807 807 4
739 3044 2
262 2240 1
1242 3156 1
1243 1243 27
1244 1244 7
50 1581 2
580 580 70
213 3156 721
1245 3156 1
1246 3156 1
51 2730 2
1247 1791 2
1248 1248 2
1066 3156 2
910 3156 63
549 549 31
1249 3156 8
1250 3156 4
1251 1251 14
163 1633 3
1252 1252 6432
1253 1253 5
1254 3156 2
1255 3156 2
1256 465 4
1257 1257 5
1258 3156 4
1259 1259 9
1260 3156 1
888 1479 1
1261 1261 24
1262 3156 100
1263 1263 17
1264 1264 275
823 3156 561
1265 3156 9
1266 1266 83
1267 1267 8
1268 1268 13
1269 1229 1
245 2863 1
1270 3156 1
1271 1271 1
343 1490 226
1272 3156 1
164 1172 2
1273 2443 1
1274 1274 25
1237 208 26
38 344 1
989 989 1
1275 3156 1
1276 3156 3
1277 1277 26
70 70 16070
1278 3156 1
1279 1279 32
1206 1052 20
78 5 1
1280 1280 29
572 2691 1
252 2283 129
1008 3156 1
734 1455 115
815 3156 3
1281 1826 1
1282 1140 1
1283 1283 3
593 3156 7
838 3156 1818
1284 1284 6
252 769 1
114 2290 26
1285 1285 1
1286 3156 1
1287 1287 19
1288 3156 2
1289 2124 1
943 323 1
1290 3156 63
1291 3156 1
1292 1292 3
1293 3156 1
1294 1294 4
1295 3156 1
305 305 1559
593 593 312
8 1209 1
50 516 2
1264 3156 7
1071 2610 1
1296 1336 26
98 1800 1
543 2951 1
1297 1297 18
1298 2065 10
1299 3156 1
282 2647 1
293 293 4094
1300 1300 15
1301 3156 1
492 492 188
98 3156 3259
1302 3156 1
1303 558 1
261 3156 7
560 1979 1
1304 1366 2
54 303 1
554 554 946
54 1653 23
1305 3156 8
771 771 12288
915 915 89
638 638 2380
1306 2749 2
54 3156 311
1307 3156 1
914 1974 3
925 1995 2
1308 154 1
1309 1309 95
370 1637 1
236 236 1860
1310 3156 6
510 3102 1
1311 3156 1
1312 2519 1
873 873 222
1313 1996 1
1314 3156 37
1076 98 1
619 2918 1
1315 3156 3
1316 3156 4
343 1703 246
1002 3156 113
1317 3156 2
1318 3156 2
1319 2529 5
1320 3156 5
647 763 1
1321 3156 1
1322 3156 1
29 1261 1
96 1539 1
765 1639 1
29 612 1
1323 958 1
1324 1324 54
1325 2399 1
1326 1430 1
1327 3156 1
636 1755 1
1328 1328 21
1329 3156 6
1330 1330 408
1331 1331 9
1332 158 1
1333 3156 5
358 895 12
1334 1334 13
1335 1335 27
495 681 1
1336 1336 1
1337 1693 2
317 142 1
562 562 261
443 1077 16
303 2715 2
1338 3156 1
1339 325 1
1340 3156 3
1341 3156 1
1342 1342 1
624 3156 50
1343 3156 62
282 1007 23
1091 1091 108
866 147 1
520 520 5820
1344 3156 1
1345 3156 3
1346 3156 94
1347 3156 5
1348 3156 1
219 2318 2
741 1666 1
1281 3156 4
311 1716 6
1349 1175 1
163 1850 1
1350 1350 74
1351 3156 37
1273 1180 1
38 1731 271
1352 3156 1
495 3156 6
146 146 121
12 2131 1
1353 1765 1
1354 1354 951
934 934 16791
1355 1599 1
1356 957 1
1109 620 1
96 1035 1
8 320 1
1357 1357 15
317 813 1
1358 3156 1
1359 1359 1039
1360 1560 1
1361 3156 2
907 907 527
12 454 1
595 1009 1
461 461 15
1362 1362 10
1363 3156 4
597 597 4849
1364 172 1
1365 1365 106
1238 2712 2
1366 3156 2
1367 556 6
1368 3156 8
1106 2393 4
1369 3156 79
1370 3156 6
139 2723 2
1371 1371 22
1372 2146 8
1373 422 1
1374 1325 1
79 3156 1
1111 1111 83
935 676 8
839 3156 2
350 3156 190
1375 3156 3
828 1640 1
163 1907 1
1376 3156 1
1377 3156 1
1378 2944 1
1379 1379 1287
158 158 269
789 565 2
1177 3156 2
50 1061 1
1380 1380 323
29 2969 1
1143 180 1
303 303 6660
1381 3156 574
182 432 1
1382 3156 2
1342 201 1
561 561 5
1383 3156 1
267 444 1
819 819 8
434 434 363
1384 1608 1
1385 3156 2
1386 3156 14
35 1265 1
84 1893 1
262 452 2
317 554 1
753 1814 1
1387 3156 1
1388 2869 1
5 3156 1
1389 1389 60
1390 3156 66
293 3120 1
1391 3156 1
1392 3156 1
1393 221 1
35 993 17
1025 2729 2
1394 3156 2
1395 3156 1
1396 3156 8
1397 1792 1
1398 3156 1
1399 3156 5
1400 1400 46
1401 209 1
1402 3156 2
1403 1742 1
92 2528 6
1404 1404 19
1405 3156 2
1406 3156 1
1407 1407 12
54 1775 1
163 629 1
1408 3156 2
935 2693 1
1409 1409 24
116 527 1
1410 3156 1
1411 1411 155
1412 1412 2
1413 1413 18
611 3156 17
200 267 1
639 1606 1
1414 3156 4
1190 269 1
269 2272 1
1415 3156 50
1416 3156 1
1417 907 6
159 2071 1
1418 1418 44
323 1584 3
403 104 15
1419 2397 1
1420 3156 2
647 1888 1
46 1859 1
1421 3156 337
1422 3156 9
1423 3156 1
1424 1424 74
1356 2813 5
1425 1425 210
232 118 1
419 1276 3
1426 3156 17
1427 2245 1
1349 1349 343
999 3156 66
23 1221 1
775 2985 21
598 2352 2
1428 3156 2
373 1935 163
588 588 257
1429 3156 11
1430 1079 1
368 2746 37
290 3156 10
1431 3156 1
711 2449 1
9 3156 6
469 1080 1
1432 3156 1
1433 1433 24
1367 86 5
1434 2144 1
1063 1063 37
1435 1435 13
1436 826 2
1437 3156 1
1438 1438 14
358 2023 1
163 819 17
1439 1439 137
1363 429 1
1440 1440 40
1441 1441 7
1442 3156 2
1443 1443 7
1444 1444 24
1312 3047 1
8 875 4
536 3156 26
791 3156 1
1445 1782 1
560 1730 1
1446 1446 4
802 802 8
828 2986 2
1447 345 1
1448 3156 6
947 3156 320
105 928 1
1403 1403 175
1449 1449 19
141 1590 5
1450 1450 6
194 194 38
99 1899 1
1257 1746 1
1451 3156 4
1452 528 1
298 2709 6
1453 3156 1
1388 1698 1
1454 1454 37
1455 3156 115
1051 1051 286
1456 252 12
1457 1457 18
1458 1458 216
1459 1459 23
63 1701 64
1460 1460 2
1461 3156 2
1462 3156 1
142 3156 1
1463 2827 1
556 3156 15
1464 2523 1
794 794 4
492 2665 1
1465 3156 1
1466 3156 1
1467 3156 1
1468 3156 2
1469 1469 8
377 698 1
1470 3156 1
659 2777 1
464 379 1
392 3156 4
1280 2114 1
193 3156 20
1471 3156 27
906 617 1
1472 135 2
1473 1473 333
823 480 80
1474 1474 32
163 2433 3
1475 3156 2
1476 3156 1
1477 3156 2
1478 3156 651
1088 3156 1
1479 1479 9
1480 3156 1
1481 3156 1
1482 1482 1561
1483 393 1
1484 3156 7
1485 3156 2
8 1350 1
182 660 184
863 3156 4
21 366 1
1486 3156 1
358 1474 1
1487 3156 1
1488 1488 118
1489 1489 25
1490 1490 4
916 3156 185
1491 510 1
1492 457 1
734 2328 1
1493 3156 1
317 1681 5
1494 327 1
1495 3156 1
780 152 1
1496 1776 2
1497 1497 73
743 3156 1
50 1473 3
208 660 4
1121 2713 1
318 318 23
50 487 1
970 725 7
1498 1498 328
72 72 45
1430 1430 5
1499 1499 77
1500 2232 1
1216 726 4
1501 3156 1
1502 1502 13
1032 948 1
98 1769 1
1503 3156 1
336 2073 1
1504 1504 39
1505 1505 21
720 720 20
1318 968 1
1199 1199 4
1506 3156 1
1507 3156 1
1508 1508 197
241 2063 1
378 1898 1
1509 3156 1
1510 2333 1
176 3156 2
1511 3156 3
1512 1300 1
252 2705 1
817 3156 3
1513 1513 19
1371 933 1
759 2059 1
397 397 350
1111 698 1
617 1412 1
577 1024 1
21 373 14
1514 1514 22
947 2080 1
1052 1052 1
1515 3156 1
1516 3156 1
1517 3156 4
1518 1518 3
1334 3156 1
1519 3156 1
946 2206 1
1520 3156 6
177 2975 1
1521 3156 3
828 2868 2
182 1738 1
1292 237 1
323 1425 1
559 559 219
745 3156 24
1522 1522 52
1523 3156 1
1524 1524 17
1525 2105 1
1526 3156 5
1527 3156 1
1528 3156 8
1529 1529 20
1530 2767 1
569 569 12
1531 870 2
21 3156 3902
495 497 1
1401 3156 3
674 674 32
1532 3156 15
368 991 1
1533 1202 2
742 3156 1030
317 1322 1
936 936 55
901 3016 1
1534 3156 9
422 3156 1
1535 3156 1
629 3156 3
1536 3156 2
1537 3156 1
343 545 7
251 3156 1
1538 3156 2
1539 3156 1
65 65 184
1540 3156 1
877 3156 16
1541 3156 1
1542 3156 1
1543 3156 3
1544 3156 1
941 1647 3
1545 2876 4
1289 1289 23921
1546 1546 12
1547 3156 4
1548 3156 1
1434 3156 1
1549 2321 1
1550 1550 10
1551 3156 1
1552 1490 1
1553 3156 1
1554 3156 1
1555 1555 25
1556 1556 1
1557 3156 2
1558 1558 85
1559 3156 3
1241 3156 5
1041 1182 2
224 3156 155
1328 3156 1
588 3156 5
1560 3156 1
191 3156 20
918 144 1
1561 3156 1
1562 2323 1
1563 387 11
1564 3156 4
1565 1565 881
1566 2940 3
1567 3156 12
680 1910 9
1568 3156 1
898 2140 1
1569 3156 2
1570 3156 1
1140 1140 30
1571 3156 1
397 3137 1
1572 3156 2
1573 2632 1
713 3156 9
1574 1574 3
777 777 35
1575 3156 1
758 1645 1
1576 1830 3
1577 3156 2
1529 3156 1
1456 351 14
532 3156 16
786 3156 10
1578 3156 1
1579 298 1
1580 3156 2
8 2300 1
669 1098 1
1125 1056 2
554 3156 28
8 1348 1
1581 3156 2
1582 3156 6
74 3156 2
1583 3156 1
1584 1182 1
1585 1311 1
1586 3156 1
1587 3156 3
1076 922 4
1588 3156 1
252 2701 1
1589 1589 74
734 2019 1
1226 1226 47
1590 343 2
192 3156 22
1591 1591 57
993 993 1
1592 3156 2
821 3156 2
1593 3156 2
1594 1594 47
1468 1011 1
1595 1595 19
265 265 283
159 1255 1
1596 2643 1
1111 3156 4
1597 3156 1
1323 1323 14
543 711 1
243 3156 10
1330 2116 2
208 951 1
1598 3156 1
830 830 14
263 1124 18
1599 3156 1
1600 578 1
1601 2531 1
1602 1025 2
1603 3156 1
1604 495 1
1605 1605 99
163 2376 1
1578 2880 2
373 2898 1
1606 1606 12
1607 2013 1
1608 3156 1
1609 1961 1
211 3156 22
163 1897 2
1610 3156 1
1611 3156 5
358 1478 1
1612 1612 4
1082 3156 2
1127 1812 1
577 3156 4
1613 1613 4222
745 700 1
1614 3156 1
430 104 3
1373 1373 52
141 3156 26
1615 3156 9
455 455 14
1616 3156 3
1617 60 1
57 57 1
1399 1399 132
204 204 2
1122 921 1
1552 256 1
571 1485 2
1618 1618 188
1619 1954 1
1620 111 3
1621 2538 1
1612 621 1
381 1443 2
8 1193 1
1360 3156 8
1622 3156 10
1023 1023 409
1623 3156 6
922 1776 1
1087 1343 1
951 3156 4
1624 3156 2
1210 2151 1
1625 3156 14
789 1051 1
241 241 59
208 2408 1
1626 3156 8
1065 2673 3
1627 3050 1
837 2937 12
163 775 1
693 3156 1
1354 3156 25
265 3156 3
1628 3156 2
1629 3156 1
163 2035 1
460 460 161
1630 1238 1
1631 182 1
29 352 1
1632 3156 1
1633 1633 169
1634 1634 3
1635 3156 1
1636 3156 1
1637 2859 1
163 2473 1
1638 2404 1
1639 3156 1
1640 3156 1
742 1700 1
487 1804 132
1641 3156 20
284 284 359
1642 3156 2
1643 1643 2242
610 610 55
722 3156 6
1644 3156 3
1645 3156 1
7 1285 19
303 924 1
1646 3156 1
734 2121 123
1647 3156 1
406 2152 1
1648 3040 1
1649 1649 2
1650 1650 6
1364 1364 122
869 68 1
1617 3156 1
1651 1651 92
1057 1057 1
414 2148 10
291 1906 1
21 2737 474
1652 3156 2
1653 3156 23
1654 2810 7
1655 1655 46
806 2112 2
267 1496 8
1656 3156 1
1235 2791 1
1490 3156 227
261 261 284
350 3145 23
1657 3156 4
1658 3156 4
1659 1659 33
1406 1406 7
893 893 36
263 3156 64
267 1449 1
478 2160 1
1660 2687 1
1661 3156 1
1662 1351 37
49 986 4
1663 1663 255
1664 3156 1
1665 849 3
1042 1426 17
99 976 85
1436 1066 1
1666 2678 1
1135 2072 1
1425 3156 7
691 691 3
65 2620 1
1471 1471 1419
1667 1445 1
577 1272 1
1668 1668 64
1669 1985 2
1055 1370 5
1670 3156 1
618 618 3
1671 1671 52
1672 815 1
1673 1673 48
535 535 8793
1258 1258 170
736 649 1
1248 3156 1
1674 1674 11
1675 2069 1
1676 3156 3
808 3156 1
23 2914 1
884 3156 1
418 418 160
850 850 253
1677 1677 2
1678 1480 1
8 819 14
624 1763 1
1679 3156 1
1680 1680 2
1360 2208 1
98 1076 6
121 3156 5
1681 3156 6
1682 3156 1
1683 3156 2
1003 1003 189
762 1280 2
1573 3156 1
1684 1684 5
1045 1045 1
612 612 333
1596 3156 4
1674 3156 1
1393 3156 3
98 1478 6
159 1673 1
1685 1685 109
1456 3156 88
1686 3156 2
1675 2893 1
1687 3156 21
1688 1242 1
873 2269 1
1283 3156 1
828 1020 2
1689 3021 3
1690 1690 52
1421 1421 2
182 468 4
1691 3156 5
1692 3156 1
1693 3156 1
1694 446 1
545 545 4055
86 86 117
1695 3156 2
1187 1187 46
1696 1696 10
301 3156 1
778 3156 1
978 2575 1
99 686 1
1697 1697 1
1452 3156 1
1698 3156 1
1379 2938 4
1699 1699 58
1700 3156 1
1701 3156 64
1083 1192 1
1503 1503 7
1702 3156 1
1703 3156 246
1704 1704 1
1705 1705 74
1081 2163 1
1706 3156 1
886 3156 7
267 2115 1
66 151 2
1707 251 2
1252 3156 173
1708 3156 2
1709 974 1
1710 2964 1
1687 1402 2
1176 3156 103
1711 3156 1
1712 3156 1
1713 1713 4
1714 3156 1
1715 3156 1
1716 1716 3481
1717 1717 41
892 589 1
1718 1718 45
1110 562 1
1524 3156 1
50 3003 1
801 3156 1
1079 2923 6
1418 3156 1
1081 1909 2
619 1399 1
267 267 124500
1719 1719 57
763 66 1
443 3156 98
1545 1582 6
1720 1431 1
1721 3156 2
946 2379 1
916 2297 33
668 797 1
1722 1722 22
880 3156 1
1723 3156 1
1724 3156 1
1725 3156 1
406 2216 1
1726 3156 14
1727 3156 33
1256 96 2
163 115 2
1728 3156 9
1584 1584 33
1729 3156 7
1113 1113 454
116 882 26
38 1594 1
1427 3156 4
298 298 2522
163 1038 21
1730 3156 1
267 526 2
1637 1637 230
1135 1135 130
163 283 1
1491 250 1
1267 3156 1
1492 3156 20
701 1502 1
50 542 2
876 3156 3
1731 3156 3722
1167 3156 1
806 2840 2
1732 3156 1
50 1273 1
181 1360 1
1733 1733 126
1186 1186 339
1734 3156 2
46 3156 3
28 3156 12
1735 1735 5
1143 1900 1
1736 3156 2
163 2259 1
1737 1737 10
1738 2891 1
1739 3156 1
1740 3156 5
1741 494 1
1742 3156 1
1743 3156 24
1744 3156 1
1745 1745 1
586 586 224
337 337 40
1746 3156 1
1747 3156 1
1748 3156 1
1749 1749 136
213 1777 2
1101 3156 5
1750 3156 5
21 1972 1
1751 3156 1
1038 2234 1
1487 1487 15
32 3156 315
1752 1752 26
1753 1753 13
422 422 30
1754 1754 23
1755 3156 1
176 176 60
1756 1756 43
1757 3156 1
50 2092 1
1758 1758 719
1759 3156 2
545 1173 1
1436 3156 28
1273 3156 9
1760 3156 2
61 2102 1
1100 1100 9
1360 507 1
647 3156 1
29 1437 1
1256 98 1
605 605 1845
788 788 10
1761 1761 91
1762 3156 1
1763 3156 1
403 2930 1
1764 3156 1
414 1409 1
875 2276 7
842 2585 1
698 2490 3
1765 1857 1
1488 3156 2
1103 3156 35
1576 2248 1
1766 3084 1
1767 3156 1
1768 2738 1
1662 3089 28
1769 1769 349
1770 2281 1
1771 3156 17
419 3140 1
1772 3156 1
777 3156 1
374 643 1
163 2604 2172
1773 3156 4
527 3156 1
1073 1073 4
1774 3156 27
486 1774 26
1775 1775 4
105 2489 1
502 392 1
420 420 952
967 791 1
435 3156 2
924 924 28
1776 819 1
1777 214 1
1778 3156 1
805 2808 2
1571 1571 35
1779 3156 1
406 406 65356
1780 1780 371
475 798 1
1781 2664 1
8 2164 1
1782 3156 1
1783 3156 1
1784 773 2
352 352 30
282 107 29
1785 3156 2
1786 3156 1
8 1605 1
1787 999 5
1788 3156 1
98 381 6
1789 3156 13
1790 2374 2
20 3156 3
241 2336 1
1021 1749 2
29 2241 594
1791 1074 1
179 595 1
120 2007 1
870 3156 2
1562 1562 101
716 2618 1
263 1563 4
1792 3156 1
1793 3156 6
842 842 82
96 2432 1
1794 568 1
774 3156 5
8 774 2
1622 1622 278
317 444 3
1556 3156 7
526 2623 1
29 830 2
1253 3156 1
1795 3156 5
1545 3156 78
1189 3156 147
452 3156 14
373 625 1
1039 3094 1
1796 1150 1
1797 3156 1
145 145 1002
714 3156 1
764 1089 7
1798 1798 19
1799 3156 31
1800 1467 1
1801 3156 2
1802 1802 38
1028 1028 33
1793 1793 174
1803 1803 9
252 252 37606
1804 3156 133
35 3156 159
1805 3156 1
499 499 39
1806 3156 1
1528 3132 1
935 520 10
571 2446 1
334 1614 1
1807 1807 42
1733 3156 3
929 2839 1
1808 3156 18
1809 3156 4
1810 1935 1
1811 1811 92
1013 3156 1
1079 1079 1182
406 1345 2
1812 3156 1
1813 3156 1
1463 1839 1
1814 3156 1
944 3156 1
1815 1815 428
1816 3156 1
1817 704 1
1818 3156 1
1156 3156 2
526 526 2319
1447 2932 1
1173 3156 4
1819 3156 2
730 730 95
502 2604 99
1820 271 1
1821 3156 1
1822 3156 1
1207 2663 1
1482 1719 1
977 977 9
1704 3156 84
1400 3156 2
1823 1823 517
1824 1824 12
1796 3156 5
611 1624 2
759 759 300
1825 750 5
80 3156 3
1143 3156 5
178 3156 10
1620 1620 7
306 306 86
565 3065 1
266 2858 1
1121 3156 10
163 287 1
163 2992 1
1157 2889 5
300 3114 1
1826 1093 1
1827 1827 72
1828 3156 1
1829 3156 2
1830 3156 3
137 728 2
1831 1831 1
1274 3156 1
50 215 1
1832 1832 77
1833 1833 1
1834 1834 5
627 627 91
737 613 1
599 3156 24
1627 1627 29
104 1176 3
1835 3156 1
54 54 11182
98 806 1
23 2641 94
883 3156 6
1665 2997 2
8 1390 1
243 3059 1
1836 1266 1
370 3156 139
1837 3156 1
1838 3156 2
1839 1839 11
1765 1765 18
1840 1840 25
1841 3156 1
1842 1842 31
1843 3156 1
1844 1333 5
791 2277 1
1845 1845 5
1411 3156 4
1846 3156 1
1847 3156 1
1848 1848 20
21 2460 1
1849 1849 73
540 110 1
598 598 85
1850 3156 1
1851 3156 1
1852 3156 3
1041 3156 26
1247 1247 315
453 1078 1
1609 2895 1
1170 1887 1
1853 1853 1
584 584 375
935 1250 4
1145 1145 5
1319 235 1
640 1927 1
1854 1854 55
373 2915 1
1182 2660 1
159 860 1
752 3156 3
669 669 395
1364 3156 2
1855 1305 1
50 1772 1
1856 3156 1
967 1029 127
1823 847 2
498 3156 1
1498 3156 6
1666 1666 20
1857 177 1
163 1058 2165
1810 3144 1
771 2891 3
1003 3156 2
1858 3156 1
1075 1055 9
1859 2070 1
1860 1837 2
162 3156 5
243 2279 1
250 250 30
1515 1515 16
1861 1861 24
1862 3156 1
1207 1207 52
1863 3126 3
605 2960 6
1864 3156 1
1865 3156 1
1866 1866 1
1268 3156 1
967 2409 2
536 573 3
98 69 1
1796 2110 1
1867 3156 3
101 2099 1
111 3156 4
1868 1868 77
1869 3156 3
174 174 53
1870 1870 5
124 124 1
1388 1388 58
317 1421 337
1871 3156 1
1872 3155 3
1256 1256 1205
965 730 1
1491 3156 4
1873 1873 430
1874 3156 1
1875 3156 1
1876 3156 1
1877 3156 1
1083 3143 2
742 742 40362
96 687 1
1878 3156 1
433 3156 1
1659 647 1
1879 3156 13
875 875 2291
1880 3156 1
1881 3156 3
102 2935 2
1882 3156 1
1883 3156 12
668 2771 11
1675 3156 7
1389 3156 1
182 2963 1
1590 3156 7
1884 2184 2
1885 265 1
1234 2616 1
309 309 1985
339 339 5
1147 2178 1
1886 3156 4
1887 3156 1
364 1761 1
1888 1977 1
1495 1495 27
540 540 232
21 3037 1
394 3156 8
1889 3156 1
4 1507 2
1184 3156 2
241 3156 1
316 2824 1
1890 3156 4
54 1090 1
734 2554 1
1891 3156 3
1892 1892 18
543 1388 1
163 787 2
1893 1893 14
37 980 1
1002 50 2
1492 1492 1146
1894 3156 4
1895 3156 3
1896 1896 11
837 3156 96
1831 3156 2
1897 1897 22
1898 2945 1
1899 1899 50
1900 3156 1
1901 1600 1
1870 3156 1
537 537 263
1902 1359 1
983 3156 1
934 2906 42
975 975 34
222 1679 1
798 1629 1
1903 3156 1
619 1743 24
1904 3156 1
1251 3156 1
1905 1905 7
1270 1270 36
1906 3156 1
1907 3156 1
1908 1821 1
1909 698 1
163 1904 2
1168 3156 3
1910 3156 9
1911 3156 12
252 691 111
159 159 223591
1912 1912 1
1007 3156 23
930 930 36
362 2856 49
1913 3156 5
166 166 319
1464 1464 1
50 1704 58
29 2082 1
1914 3156 3
1482 1498 1
1915 1915 109
639 3156 1
1916 1531 1
450 858 1
1261 3156 1
487 3156 1185
1917 3156 2
634 1166 1
1918 1918 568
1919 1919 81
1920 2093 1
1921 3156 3
1922 3156 8
1787 2920 3
1923 233 2
140 1109 36
1924 2758 7
1365 2355 2
1925 2308 1
1339 2913 1
928 3156 1
1776 838 22
869 869 154
530 3069 3
1773 1773 168
1360 1360 276
244 1877 1
1926 3004 1
1927 3156 1
413 528 1
1928 3156 1
823 3001 70
1929 1929 924
718 2772 1
493 2410 1
35 2270 1
1930 2582 1
80 2334 1
962 2330 1
1600 3156 2
98 1118 1
1146 1146 1
1931 1931 193
998 3156 1
1699 3156 3
1164 1164 2
293 100 7
373 651 1
114 98 1
1235 2852 1
890 890 157
1932 3156 54
1933 1933 115
1590 1552 3
1563 3156 144
1934 3156 2
1935 1935 3
336 336 18012
684 3156 31
362 1343 61
289 3156 1
1259 3156 2
1936 1871 1
1937 1937 123
1229 3156 1
156 409 1
854 3080 5
1938 3156 1
122 3156 21
712 3156 1
1939 1196 1
1000 3156 1
1940 1940 4
1941 1491 1
1942 3156 43
762 2011 1
1943 1943 53
1143 1143 424
1252 2949 20
1537 1537 4
746 634 1
1944 1591 1
267 1565 2
8 1623 1
1945 2370 1
81 658 1
8 1096 1
1946 2380 11
1947 3156 2
178 178 462
111 2037 1
1069 2996 2
1948 3156 8
1949 3156 1
1925 1925 415
133 2180 113
1950 3156 1
1579 419 1
1951 3156 1
718 1935 49
567 168 2
1946 881 24
362 2659 1
795 173 1
1038 1356 1
1952 1952 74
832 832 638
54 1314 37
1953 3156 2
1463 1463 183
1954 3156 1
1749 3156 6
128 128 1378
528 3156 2
338 2778 5
1955 3156 11
1956 3156 1
475 475 6250
1957 3156 1
1958 149 1
1959 1959 2
532 532 390
1960 1960 15
213 1346 94
1961 931 1
1962 1962 4
1671 3156 1
1385 1385 10
1963 2479 1
1964 3156 52
1837 1837 24
326 326 598
1482 755 1
1355 1362 1
291 291 101
1965 3156 1
1776 1776 7348
1206 3010 1
674 891 1
1901 1901 135
1966 3156 2
814 1835 1
129 129 1665
1967 3156 1
244 3085 1
1968 98 26
1969 1969 10
1970 3156 2
1971 1971 73
1563 463 2
1726 2357 1
809 809 250
922 2723 10
412 677 7
1972 1972 43
1855 1855 2
958 1951 1
1973 1973 2
1974 1974 57
1975 1975 48
17 3156 1
432 1153 4
182 2973 1
1216 800 5
1976 3156 1
12 2745 1
1977 1977 3
1978 3156 1
77 1817 1
1891 1891 57
1932 2747 5
1979 3156 3
29 1593 2
98 267 3
1943 3156 2
1980 3156 1
391 1748 1
1981 3156 1
403 2588 1
1665 903 7
164 293 1
597 3156 109
213 2514 2
414 2890 1
1982 3156 3
1983 2275 1
473 473 2363
1397 2209 1
1984 3156 1
99 1454 1
1083 1083 541
139 139 6253
1985 1985 1
1986 1986 52
883 883 335
8 1207 1
1987 3156 1
1854 3156 1
1323 2192 1
1463 3156 6
1988 2656 1
1989 1989 8
265 1146 1
684 292 2
262 2819 1
1990 1990 1340
1826 3156 4
1991 1991 29
208 3054 1
1579 3156 10
1758 3156 21
170 3156 1
1992 2818 10
163 2315 3
1993 1993 20
1994 3156 1
1995 3156 2
1996 169 1
1997 3156 1
338 537 3
1998 3156 1
1427 1427 359
1999 3024 1
1189 1189 6178
1559 1559 148
21 693 1
1800 1800 471
2000 3156 1
2001 2001 37
50 2572 1
2002 2002 37
1899 3156 1
1349 1182 2
359 359 60
567 567 1310
406 449 2
163 1042 2
2003 3156 1
110 38 1
2004 3156 2
1191 3083 2
163 2368 1
1176 1043 9
1660 1660 146
219 3156 3
2005 2005 99
38 38 87726
2006 1332 1
2007 2007 238
2008 1471 1
845 2041 1
2009 3156 3
908 908 2
1356 759 5
29 1000 1
263 938 1
224 2684 15
170 1650 1
967 3156 1068
2010 3156 14
430 3156 8
2011 155 1
1062 702 1
2012 3156 1
2013 3156 1
2014 2014 62
422 307 1
278 3156 1
2015 3156 1
1716 2838 1
2016 3156 5
2017 2017 6
21 1413 1
2018 3156 1
1452 2627 2
2019 3048 18
275 3156 2
2020 3156 1
390 390 1
697 697 1
2021 2021 68
2022 2022 10
2023 2023 2
905 1254 1
104 2838 2
742 43 1
1179 1658 4
2024 3156 1
419 403 1
94 106 1
281 281 470
196 196 74
855 3156 3
1937 2055 1
311 1217 9
771 2968 1
2025 3156 1
397 3156 6
2026 3156 2
2027 1978 1
203 203 7
1373 137 1
2028 3156 23
655 2860 1
99 837 1
761 2346 1
163 1689 3
50 1436 1
60 843 1
780 3156 2
2029 3156 2
232 3125 1
2030 2030 1
2031 3156 1
1510 3156 3
2032 3156 3
243 243 580
2033 3156 1
2034 3156 1
1282 1282 278
50 336 1
2035 2035 67
2036 3156 2
1823 1734 2
1376 1609 1
1672 1295 1
2037 3156 1
2038 3156 1
1427 845 1
373 2176 1
2039 3156 1
126 3156 27
2040 3156 3
1488 1289 2
209 3156 1
2041 3156 2
1533 1533 457
713 2809 3
2042 2042 12
579 3156 1
2043 1617 1
1081 1111 4
1606 3156 1
8 2348 1
2044 3156 1
1313 19 1
389 3138 1
163 50 23
2045 2045 80
686 630 1
1767 1797 1
2046 3156 1
2047 2047 71
292 660 1
892 892 893
163 680 1
2048 2006 1
1189 2458 1
851 851 10
2049 3156 1
706 3156 4
293 947 1
2050 3156 3
1451 1744 1
1716 2365 1
698 1330 2
335 2782 1
2051 2046 1
1591 2213 1
2002 3156 1
21 2338 1
533 533 62
2052 2052 23
2053 79 2
1569 1136 1
21 747 1
108 108 48
191 2196 3
2054 3156 5
947 2786 1
903 3156 192
1263 3156 1
2055 3156 1
2056 2056 2
1308 1308 10
42 42 14
1077 1611 5
1307 1307 6
2057 3156 1
128 2238 2
1012 3022 1
678 678 98
8 39 1
1353 557 1
2058 2058 2
1405 1405 19
1339 1727 33
362 2520 1
416 2010 12
104 2284 2
230 3156 48
2059 3156 1
2060 2060 2
494 494 3
1121 1037 1
1892 2017 1
2061 3156 2
135 2926 4
592 3156 5
2062 2062 18
120 976 25
1810 3156 10
2063 2063 33
2064 3156 1
2065 3156 10
2066 3156 1
450 2877 1
1545 1681 1
1591 890 1
8 1017 1
2067 3156 2
2068 3156 1
2069 2326 1
2070 3156 1
549 2780 1
2071 3156 1
2072 3156 1
2073 2073 3
293 3156 92
359 3156 1
23 89 1
1549 2033 1
133 3156 814
2074 2074 1
793 793 43
1884 3009 1
2075 3156 1
2076 3156 1
1635 1635 6
290 290 384
2077 2077 16
2078 2078 1
967 967 44655
1601 1392 1
2079 3156 1
2080 3156 1
1422 3101 1
1256 38 1
904 904 46
892 2867 2
1499 3156 4
360 1522 1
2081 3156 1
1997 1997 4
2082 2018 1
2083 3156 2
2084 2084 1
2085 2107 1
2086 3156 622
96 2988 1
475 2122 15
1920 1920 112
1313 761 1
543 1659 1
1282 1147 2
21 2230 1
1411 2675 1
2087 3156 1
849 3156 138
21 1317 1
854 3156 47
172 172 3713
2088 3156 1
50 825 1
36 3156 1
1134 2957 1
8 200 2
406 1251 1
2089 3131 1
8 8 582047
21 21 154083
1863 350 2
208 6 1
1228 1228 10
2090 3156 2
581 2475 1
2091 3156 18
159 15 691
276 2401 3
722 722 237
159 571 1
1381 1381 7
2092 3156 10
1589 2536 1
328 358 14
1781 2638 2
1558 3156 1
252 1908 1
2093 3156 1
2094 3156 1
2095 93 1
1191 3156 14
2096 2387 1
1092 3156 214
1968 163 20
2097 3156 1
967 879 1
62 3156 1
2098 2098 9
1563 1563 5989
1872 3156 9
2099 18 1
1090 1090 12
1942 1315 3
267 2838 1
2100 3156 1
393 2571 1
189 189 5
50 2302 2
2101 3156 1
497 3156 1
1936 3156 9
163 829 1
192 2439 1
563 563 69
300 3156 8
377 3156 2
163 742 2
2102 1764 1
722 341 1
96 1511 1
1312 1312 99
2103 2103 37
1590 885 1
50 213 1
163 2845 1
414 1085 1
2104 3156 1
1504 336 2
2105 2105 1
735 735 262
2106 3156 1
1190 279 3
557 557 94
2107 2107 36
1552 1552 345
1193 1193 134
2108 2108 20
69 3156 1
2109 3156 11
83 83 117
182 1002 1
8 1869 1
2110 3156 1
1591 3156 2
2111 3156 1
1844 365 3
1962 3156 1
2112 3156 2
2113 3156 1
2114 3156 8
2115 3156 1
350 350 7669
486 2682 44
2116 3156 2
429 98 1
2117 2751 2
27 3156 2
2118 3156 1
415 3156 222
713 2521 1
812 2062 1
8 1535 1
968 1081 1
1919 608 1
2119 3156 1
50 2418 1
894 2042 1
2120 2047 1
343 1966 1
1500 3156 26
1710 171 1
1817 1817 30
874 3156 1
1353 2441 1
1239 2005 2
2121 3156 124
262 2249 32
2122 3156 15
1246 1246 1
640 640 152
2123 2123 1
2124 981 1
429 429 594
1908 1908 2
2072 2072 56
2125 2881 1
1171 1171 7
790 2564 1
1422 2036 2
159 838 2
2126 3156 1
535 3036 28
645 645 1
2127 3156 2
967 1475 1
2045 3156 1
98 1444 1
276 2464 2
368 2084 37
267 1636 1
1452 1452 71
1758 2759 2
2128 2128 1658
2129 2662 1
485 485 5
734 3156 1092
1472 2657 2
2130 3156 1
2079 2079 2
1443 3156 3
2131 2131 133
2132 2132 7
2133 2133 14
982 1638 1
2134 3156 1
2135 3156 5
2136 2411 1
2137 3156 1
238 3156 3
305 800 4
333 333 151
2138 3156 2
2139 3156 1
2140 3156 1
413 413 70
502 502 33832
92 3156 32
2141 3156 1
2142 3156 15
531 531 608
1800 2832 1
1659 1232 1
8 1263 1
1183 2537 1
2143 16 1
2144 3156 1
1077 950 7
495 1632 1
323 121 2
2145 2145 2
1151 1151 745
2108 3156 2
2146 3156 8
1330 3156 11
1425 3111 1
2147 2147 1
224 160 1
1038 904 1
322 322 341
1563 2222 17
2148 3156 10
2149 2911 1
1766 3032 2
703 703 18
1663 2064 1
2150 3156 7
2151 3156 3
631 631 15
262 498 1
2152 2946 1
963 963 1724
701 1883 12
65 3156 3
836 3156 5
110 3156 2
2153 3156 26
1719 3156 1
848 848 146
1608 1608 4
1504 3156 1
2154 2154 36
2155 3156 11
2156 3156 1
1578 1578 159
1557 1557 37
329 1732 1
449 449 20
1191 1099 3
2157 3156 15
1089 1809 4
597 1789 13
2111 814 1
2158 3156 1
662 2725 7
2159 2159 5
2160 1248 1
473 3156 64
1896 3156 1
252 1711 1
2161 3156 1
1213 426 1
2162 3156 1
2163 3156 1
7 7 3712
1563 252 24
163 102 2
559 2025 1
487 666 130
8 1183 1
2164 2164 1407
1924 1329 6
1298 1298 4572
537 2768 1
2165 2165 10
2166 3156 1
2167 3156 1
343 2364 1
1273 1273 406
386 386 485
1662 12 25
2106 2106 14
2168 3156 4
1925 3156 5
2169 2169 78
502 1731 1
23 23 31542
934 718 47
2170 3156 6
567 3156 34
296 1216 1
1968 2550 33
368 368 11594
1924 3156 61
733 1567 12
317 1878 1
2171 3110 1
2172 1040 1
2173 3156 1
1570 1570 3
1269 1269 81
362 1853 1
1637 1083 1
795 1987 1
2174 3156 1
163 869 2
2175 3156 1
1945 2430 1
2176 3156 1
625 425 1
344 344 8
2177 3156 1
2178 3156 1
2179 3156 1
762 2710 1
1859 1859 36
2180 3156 113
1185 3156 1
1502 1245 1
1313 1885 1
651 3156 1
331 32 21
845 2031 1
1676 839 2
2181 2181 5
1495 291 1
2175 2175 30
2182 3156 2
245 3156 7
963 3156 41
1139 1948 8
2183 1983 1
2184 3156 2
535 1613 1
2185 3156 15
1363 1363 109
1767 1767 24
50 1463 1
502 3156 839
2186 3156 1
2187 2187 4
2188 2188 16
1576 1615 1
2189 2189 7
1349 3156 9
1389 935 1
2190 3156 2
2191 3156 1
370 1215 13
2192 3156 1
2193 3156 1
1902 1902 36
163 2991 1
2194 2194 32
1642 2351 1
336 3156 447
1139 3156 31
800 252 1
63 3156 387
2195 2052 1
136 1460 1
2196 3156 3
779 3156 1
2197 2197 9
2198 2198 19
1353 1353 866
50 601 3490
2199 3156 1
1232 1232 15
2200 2774 1
2201 2201 17
823 1235 1
1952 3156 1
2202 3156 5
1299 1299 3
120 3156 199
2203 2203 1143
2021 940 1
1319 3156 20
2204 3156 5
2205 1762 1
2019 3156 137
2206 270 1
2207 3156 28
1581 1581 76
2208 3156 1
2209 3156 1
2210 3156 3
2211 3156 2
555 2261 1
1775 3156 1
2212 3156 1
2213 3156 1
1833 3156 1
1525 3156 4
262 376 30
2214 3156 2
514 539 10
622 3058 3
2215 3156 1
1458 1509 1
159 1380 1
749 749 3
2051 2051 119
823 534 1
29 551 6
1609 2416 2
230 1740 5
2216 2216 11
38 96 3
370 370 5016
1690 816 1
12 1092 213
1941 2031 1
2053 2053 261
1456 1456 3148
397 1686 2
1660 3156 3
1211 1211 69
1379 3156 32
2217 1592 2
571 3156 33
828 911 2
317 1756 1
301 301 13
1929 2586 4
92 386 4
842 2798 1
2218 2218 105
2219 3156 3
2220 2220 18
2183 2183 19
243 1628 2
535 3156 223
2221 667 1
1836 1526 1
967 2169 1
2222 3156 17
1733 973 1
83 2462 1
4 838 1
500 1310 6
2223 2223 21
2224 2224 2
416 267 10
1005 2153 2
493 1840 1
2225 3156 5
762 1281 3
140 2461 1
29 2086 618
696 696 31
186 186 122
698 3156 27
543 1688 1
2 1087 2
2226 3156 1
2202 513 1
2227 3156 1
1946 3123 1
38 281 4
327 3156 1
274 274 66
818 818 7
586 731 2
373 983 1
1225 3156 1
2228 3156 9
1904 1904 17
2229 3156 1
2230 3156 1
382 382 68
1193 113 1
2011 2011 16
2231 2231 40
667 1849 1
50 3062 1
519 2038 1
1512 1105 1
50 191 1
2231 3156 2
2232 3156 1
331 331 11234
1113 2763 1
1750 1750 184
2233 2233 1
184 1320 5
2234 2234 61
784 3156 2
298 1131 5
23 1162 1
163 970 1
1526 1526 156
731 731 244
1528 1528 327
702 702 24
2235 2235 5
2236 2236 113
828 3156 41
2237 1181 1
2221 2221 23
2238 3156 2
2239 2239 189
2240 3156 4
35 601 1
2241 3156 594
473 1513 1
2242 3156 1
323 194 1
2243 2243 14
1087 1532 15
51 2695 2
1389 1648 1
2244 3156 2
529 985 15
423 3156 30
469 3156 1
2245 3156 1
843 1601 2
687 687 43
172 2128 11
1885 1885 24
538 3156 2
159 361 1
159 2285 1
317 880 1
2246 3156 1
2247 3156 2
206 954 2
208 32 294
2248 3156 1
268 3156 1
2249 3156 32
317 2748 1
2250 2590 1
606 77 1
1990 3156 46
2124 3156 23
260 260 20
2251 3156 1
182 458 1
2252 3156 1
2253 2253 64
263 2977 8
2254 1862 1
2255 2255 4
317 2605 1
450 3113 8
2101 2101 13
1917 1917 40
23 601 1
406 594 2
342 500 1
774 774 203
764 764 828
706 706 116
1662 3156 324
163 2455 1
2256 2256 2
223 2841 1
877 877 616
1271 3156 13
2151 2151 55
1445 1445 18
536 563 1
1630 3156 2
2257 3156 1
1615 1615 377
50 2202 1
83 2000 1
2258 3156 1
188 188 1
157 3156 478
2259 2259 50
2260 3156 5
2261 2261 7
2262 3156 7
1379 1260 1
634 2892 1
1668 3156 2
2263 3156 1
551 1642 3
136 1612 1
2264 1759 2
2125 3156 2
2265 2265 7
535 2149 1
215 3156 67
2266 3156 6
1287 3156 2
2267 2267 80
267 249 1
115 3156 2
1289 3156 601
1332 195 2
2268 2268 118
122 122 568
2269 3156 1
1706 1706 12
2270 3156 30
1853 3156 1
2271 3156 12
2272 3156 1
2124 2124 998
1360 827 1
414 715 1
1654 1654 1257
2273 20 1
468 468 244
2274 3156 10
1835 1835 67
2275 2275 73
1946 1946 5374
1172 1172 33
2276 3156 7
1992 3156 107
1492 2451 5
814 3156 1
639 639 86
2164 3156 31
2277 3156 1
29 1114 1
21 1008 1
1505 3156 1
487 713 3
698 67 3
2278 3156 30
583 583 7
614 614 205
1985 3156 2
1159 3156 1
869 2844 1
1367 1316 4
2279 2279 6
2280 3156 1
1376 2516 2
1776 157 24
2281 746 1
2282 3156 2
1442 1442 45
1002 682 7
907 2345 2
1155 3156 1
2283 3156 130
1237 3000 25
2201 162 1
193 163 5
2284 2284 9
1609 1609 409
45 3156 1
1020 1020 501
165 165 208
362 1724 1
2285 2285 5
362 592 2
1103 1670 1
2286 3156 1
2287 3156 1
2216 2716 1
2288 2288 28
2289 2289 13
531 1070 1
333 511 1
2290 3156 77
524 3156 23
2291 3156 1
2292 3156 1
1933 2801 2
163 2518 1
2293 3156 4
2294 3156 1
1280 3156 2
35 3071 16
129 1533 4
2295 2295 12
1060 3156 10
262 1963 2
2296 3156 9
1336 3156 26
2297 3156 33
1477 2166 1
2298 2298 2
2299 3156 51
2285 3156 1
2300 2850 1
2301 3156 8
2302 3156 3
850 3156 11
2284 3156 2
2303 2303 13
1941 3156 3
1740 1740 1
942 942 268
2304 3156 2
1427 1674 1
165 166 2
536 1422 1
2305 2305 18
890 2928 1
1629 1629 7
50 1968 59
2306 1395 1
1189 394 1
2307 2307 42
38 491 1
576 3156 1
2087 2565 1
2308 3156 1
2309 3156 1
2310 3156 6
1963 1704 1
701 2369 23
50 3055 1
1596 1303 1
736 3156 1
1357 965 1
311 430 8
2311 3156 1
1941 1941 126
1586 1976 1
548 548 22
2312 3156 1
1642 1642 19
2261 2553 1
1640 1640 1
2313 3156 1
2314 2558 4
2315 3156 3
617 873 1
1804 1804 2
1646 1646 4
1233 3046 2
94 3156 3
1639 1122 1
1500 2912 1
984 3156 3
2316 2327 1
789 789 335
2317 548 1
2318 1282 1
1357 1257 1
406 822 206
2319 3156 1
737 81 1
2320 3156 5
1179 3156 54
317 2060 1
1122 525 2
550 771 1
1722 3156 1
2321 1086 1
962 2900 1
1339 1339 10951
253 253 7
6 6 29
836 836 217
2322 2322 53
29 2200 1
29 1799 1
1061 3156 9
67 163 48
864 864 6
63 63 16208
2323 3156 1
2324 3156 2
1945 3156 2
825 2761 4
84 377 2
1458 2795 1
1258 3147 1
2325 3156 2
1471 2260 5
2190 810 1
2198 2680 1
19 19 16
248 1503 1
1945 367 1
2326 3156 1
1488 2186 1
2031 2031 72
1436 1436 1001
2327 2327 1
2158 689 1
2328 852 1
140 140 12063
1482 3156 39
224 276 1
1904 3097 1
440 2296 9
411 411 31
2268 533 1
2067 2067 12
1016 248 1
2329 2329 18
1996 1269 1
2158 1541 1
2330 3156 1
2331 3156 81
2332 2332 1
531 3156 9
104 2427 1
1961 3156 1
162 659 2
1777 1777 290
542 542 35
1282 856 2
545 661 16
704 704 521
1062 1062 2091
2333 3156 1
2187 3156 1
2322 3156 2
2334 3156 1
2335 2335 1
2336 2336 6
1791 2423 1
2337 3156 1
646 646 16
1419 1419 52
2338 1757 1
21 967 1
2339 3156 1
786 28 2
15 15 14
163 1832 1
67 2354 34
105 1771 17
29 1729 6
905 3156 9
2340 1704 4
401 3156 1
2341 3038 1
919 2853 4
2342 3156 1
2343 3156 1
668 1515 1
163 184 3
2344 3156 34
1372 1372 2380
159 564 1
163 1566 1
701 602 1
2005 1030 1
391 3156 3
50 3156 28807
349 165 1
2084 3156 37
336 2787 1
2345 3156 2
1169 1169 3
572 683 1
1436 444 1
1353 3156 10
21 410 1
1005 3156 5
1331 1319 1
828 128 5
343 1138 1
1181 1181 18
2346 2346 17
1017 1017 373
894 3156 120
96 1058 81
1693 1693 62
1931 3156 7
2347 3156 1
1122 3156 2
2348 2348 3
2203 984 3
2017 1630 1
2349 3156 5
2350 3156 1
2351 3156 1
72 925 1
1660 2624 2
2131 3156 3
2352 3156 2
239 239 4
2353 3156 2
510 1073 1
163 2765 1
2257 2257 7
2354 3156 34
96 288 1
2047 795 1
1972 664 1
4 2290 39
1161 1161 17
2317 1127 1
1024 1331 1
1365 3156 4
2355 3156 2
1637 876 1
2356 3156 1
873 1602 2
2357 3156 1
737 737 81
2358 3156 1
331 3156 299
1920 1389 1
2023 3156 1
158 2197 1
4 2849 43
1367 3156 41
639 2581 1
2336 3156 1
2266 2319 1
2359 2359 13
2239 3156 7
1777 3156 10
2019 2019 5799
1898 1898 12
545 99 12
1252 2645 16
2270 2270 1353
2360 3156 8
222 1828 1
2361 2361 19
520 1847 1
1604 1604 42
2267 3156 4
2362 3156 1
2363 3156 6
2364 3156 1
1109 808 1
854 854 1852
220 3156 10
40 40 6
2365 3156 1
2366 1468 1
1253 1984 1
2367 2367 6
914 1988 3
2368 506 2
120 601 1
468 3156 10
133 2636 1
2063 1228 1
2369 3156 23
2370 1717 1
2371 3156 4
2372 3156 1
2373 3156 1
463 3156 1
2264 3156 16
1324 3156 1
50 2021 4
29 1739 1
2374 3156 1
1216 1563 6
918 918 129
163 801 1
1237 3156 204
1601 3156 2
2375 2375 37
311 311 2240
1138 1138 129
164 817 1
2376 3156 1
2377 2377 4
958 958 324
2378 3156 1
2087 2087 15
2379 2379 8
1483 1483 10
760 3156 1
2380 3156 11
2381 3156 1
2382 3156 5
2383 3156 2
2384 2384 77
2312 2312 2
2385 3156 7
1354 2717 3
1863 1921 3
163 1268 1
2386 3156 1
2387 3156 1
1424 3156 1
2388 3156 1
2389 1293 1
2390 3156 7
2266 994 2
462 462 44
159 1236 1
1827 3156 1
2391 334 1
102 52 25
873 3156 6
2314 2314 2276
1390 1390 2851
564 2955 2
1275 1275 1
1372 3026 10
221 3156 1
2392 2392 4
262 883 1
600 600 608
1559 264 1
163 1375 2
2393 3156 4
392 392 143
182 966 1
2394 3156 5
1457 3156 1
1367 1367 1744
1968 1968 7690
575 628 1
1378 1378 40
1185 1185 37
2395 3156 16
272 2246 1
2158 499 1
2227 2227 6
252 1234 2
2396 2396 3
1141 1683 2
267 960 1
163 163 718564
1458 641 1
642 642 2
2114 212 1
2071 2071 12
303 2696 20
163 475 3
326 903 2
2397 3156 1
1996 1996 28
50 1627 1
2398 2398 186
193 1082 1
160 160 24
2399 2399 9
2400 3156 4
1454 3156 2
270 3156 1
1305 1305 357
963 1249 8
2218 3156 5
2401 3156 3
2004 2004 73
406 3156 1646
21 2891 3
2200 2200 15
2279 3156 1
2402 3156 6
2403 3156 2
429 2081 1
2217 2214 2
2404 2404 4
2222 2222 1
1480 1480 35
1148 1148 4
2405 3156 1
2265 1187 1
29 1219 1
2406 3156 1
2407 3156 1
99 1989 1
2408 3156 1
2409 3156 6
217 1955 11
2410 3156 2
2411 2414 1
91 3156 1
2412 2412 3
2081 2081 7
559 3156 5
1590 1590 330
82 3156 37
407 1456 1
2377 3051 1
514 3156 42
2413 3156 3
2414 2414 17
1115 1115 4
848 3156 2
2415 1384 1
967 758 2
2416 3156 2
2417 2597 1
1038 4 12
2418 2418 5
2301 2301 158
8 391 1
1944 3156 1
1377 1377 26
2419 3156 1
1528 1577 2
2420 2420 46
500 1911 12
2421 3156 1
2422 2422 11
1630 1858 1
2210 874 1
1713 3156 1
510 1598 1
99 3156 642
244 2098 1
2423 3156 1
2424 3156 2
98 1876 1
2425 2425 71
1956 1956 6
1079 622 6
406 508 1
2426 2426 57
2427 2427 19
50 1731 3438
1189 369 18
2428 2428 19
1655 103 1
2429 3156 2
2430 2979 1
362 3156 387
1609 3156 4
1473 2546 2
1835 470 1
956 3156 33
477 3156 1
1074 1074 1
2431 3156 1
456 456 176
12 752 1
921 3156 1
1076 2134 1
1614 1614 31
307 1010 1
102 102 7699
2432 2432 174
1215 2796 5
2395 2395 2
775 775 8919
2433 3156 3
1107 3156 3
2434 2434 2
2435 2435 4
2436 3156 1
138 138 126
99 234 1
2437 3156 1
742 102 1
2438 3156 1
50 424 1
1051 3156 5
812 812 158
341 1188 1
472 472 15906
2439 3156 1
336 2095 1
244 1031 1
23 1284 1
2440 3156 1
908 1626 1
317 2491 1
1777 1968 1
753 753 4742016
2441 2587 1
2442 3156 2
1863 1863 862
2443 3156 1
2444 3156 1
2445 959 15
2446 3156 1
1298 1808 18
2447 3156 14
614 3156 5
2448 3156 1
8 2952 1
2128 38 5
8 1352 1
2449 2449 4
1231 1583 1
599 599 1345
2450 3156 2
127 127 594
2451 3156 108
350 1456 29
1326 1326 24
2452 596 1
2453 3156 1
947 3006 31
1305 2718 2
8 2293 1
98 2686 1
1020 1301 1
2454 3156 1
823 823 24277
2455 3156 1
1558 2111 2
4 163 2
50 2883 2
2456 2456 27
2005 811 2
30 30 1317
1934 1934 66
545 120 20
1846 1846 11
507 834 1
140 2027 1
2457 3156 4
287 3156 2
50 1891 1
1894 1894 224
1423 1423 11
8 2984 1
1752 1198 1
329 329 494
102 1685 2
1297 3156 1
2458 2458 3
23 2165 1
163 382 1
2459 3156 1
322 1733 1
1029 1029 2
2460 3156 1
508 508 60
1324 1233 1
2251 25 1
2461 2461 4
317 1834 1
2435 1374 1
1525 1377 1
2462 737 2
249 2020 1
2302 2302 174
1498 225 2
2463 3156 1
331 2193 1
2464 3156 2
1469 3156 1
2465 3156 1
413 2648 1
2466 3156 7
95 95 26
624 1913 5
1909 3 1
805 3156 13
2321 2321 2
2467 3156 1
21 809 5
2468 3156 2
540 3156 5
1602 3156 1
1651 3156 4
2469 3156 1
171 899 1
8 272 1
217 217 4680
373 2775 175
787 2109 11
1233 1233 44
2470 3156 1
2471 1752 2
837 1283 1
292 1796 1
343 2268 1
831 3156 3
2469 2469 55
29 3156 4680
49 49 2284
267 3156 3113
358 415 1
1711 1711 6
163 1780 1
731 3156 7
1038 1038 4303
2472 2567 1
1009 1009 16
267 150 1
758 1058 1
2243 3156 2
2473 2473 49
373 71 1
1613 3156 101
165 1200 1
116 3156 215
2474 2474 29
2475 3156 1
692 3156 1
1810 1810 296
2476 1047 1
1319 1319 835
525 74 1
38 1478 270
2477 3156 1
2478 3156 1
330 3033 1
2366 2366 15
1332 289 1
2479 3156 2
358 2091 9
2480 3156 1
2481 2480 1
2482 3156 7
1150 1150 181
1433 3156 1
2483 3156 1
50 533 2
379 3156 1
2484 3156 1
1215 1215 538
2485 3156 1
2486 3156 8
2487 3156 1
486 418 1
450 3156 86
2467 2467 23
2488 2690 2
223 3156 19
2489 887 1
1609 329 4
2158 204 1
2490 3156 3
1915 760 1
129 1534 9
2399 670 1
2491 2595 1
133 3027 1
2492 1939 1
2493 3156 2
833 170 1
1836 1836 39
2494 3156 1
2495 3156 7
2496 3156 26
1675 1675 240
1407 3156 1
941 1994 1
2497 3156 1
1345 1345 32
419 3156 10
639 205 1
2498 3156 1
1122 1710 2
414 450 14
2451 2447 14
2499 3156 5
1058 1058 36
2500 3156 3
2056 3156 1
1244 1684 1
1350 3156 3
1139 1087 6
343 1925 1
2139 2139 12
23 26 1
889 3156 1
2501 3156 2
2502 3156 6
70 2755 41
2503 3156 1
1269 239 1
733 252 12
1643 1383 1
2504 3156 1
1602 1602 61
343 1488 1
244 244 13817
50 2199 1
2505 421 1
2506 2506 9
159 1687 1
229 3156 1
1285 3156 24
2507 2507 13
502 1793 1
2508 3156 2
1918 3156 12
2217 2217 474
987 987 85
2509 2509 101
2420 3156 2
2510 244 1
171 3156 1
2511 2511 75
472 2217 1
1826 1826 168
487 3025 1
1017 1382 2
391 2797 1
4 893 1
1693 768 1
1655 2790 1
39 3156 1
1186 2974 2
1784 1784 112
2512 3156 1
1633 2626 1
305 3129 4
228 228 99
8 1128 1
2513 2513 94
1643 3156 55
1750 255 1
38 2173 1
1626 1626 213
415 560 1
1393 2476 1
8 1328 1
456 322 1
50 764 2
1873 38 3
2514 3156 2
1802 3156 1
1089 1089 2268
440 3156 49
2453 2453 10
941 56 3
362 2167 1
1149 1149 4
2515 1604 1
2223 438 1
2516 3156 2
2517 3156 1
1372 2454 1
211 53 1
1850 1850 11
2096 3156 1
1386 3119 1
1126 1126 23
961 961 17
1749 779 1
733 733 3668
1545 1545 2641
145 3061 3
2518 3156 4
2519 1216 1
111 1071 1
1968 45 1
1298 866 1
406 2008 2
2520 2520 20
328 328 4471
252 3156 948
1318 1318 86
342 2058 1
636 3156 1
2521 2521 178
2072 2422 1
640 1784 1
272 3156 2
1787 3156 30
690 690 61
163 1440 1
37 3156 1
29 1773 1
2522 3156 1
2270 2583 3
735 3156 8
883 1970 2
1923 1923 1002
2205 65 2
1663 3156 3
1313 259 1
8 1559 1
920 920 11
565 1618 2
296 3156 2
2523 906 1
287 2076 1
1966 1966 75
586 2289 1
1909 3156 6
2117 2117 84
327 2280 1
88 2981 6
2524 3156 1
2525 3156 1
4 782 2
2205 3156 3
1566 1566 285
2303 3156 1
2416 2416 27
2526 2526 23
2527 3156 2
163 1990 3
1471 964 8
273 273 91
1356 1356 1875
2528 3156 6
23 1022 90
211 472 2
1872 1872 537
2529 3156 5
1637 3156 3
1209 3156 1
21 145 1
911 3156 2
50 292 62
205 1108 1
2530 3156 2
362 362 17566
825 3156 33
2445 2445 4113
2531 2531 10
2532 3156 2
163 1699 1
415 415 9436
2511 3156 3
111 543 1
2533 3156 1
1869 2137 1
1650 2450 1
1247 2295 1
2534 2534 14
2535 3156 1
237 456 1
163 601 21
50 536 2
2536 3156 1
23 1482 1
836 1846 1
2537 3156 1
1143 1571 1
2538 3156 1
543 485 1
2539 3156 2
163 1861 1
50 696 1
2540 1419 1
1672 3156 6
215 1053 8
2541 1547 4
2542 785 1
1701 1701 1
2543 3156 10
2544 2544 7
2545 3156 1
56 56 152
591 2545 1
81 81 99
2053 979 2
1766 3156 3
29 2001 1
207 451 1
2129 3156 12
2546 3156 2
2547 3156 6
250 2666 1
1393 900 1
336 2611 1
1562 3156 3
1081 2556 6
1449 3156 1
502 1363 1
2548 2548 1
2549 3156 1
279 279 65
2550 3156 33
1327 1327 17
2551 2551 332
21 1145 1
123 3156 14
1077 3156 50
257 3156 1
363 1476 1
2552 3156 1
163 1833 1
2553 2553 7
2554 2554 4
2555 3156 1
2556 3156 6
2557 3156 1
2419 2419 7
1143 397 2
267 819 394
2281 2281 12
2558 3156 7
84 84 595
1540 1540 5
796 3156 9
2559 3156 3
1081 3156 26
2560 3070 2
1930 64 1
2544 3156 1
343 601 2
1771 1771 1
1397 1397 59
2561 3156 1
2466 2466 239
2562 3156 2
2563 2563 25
535 290 1
1618 3156 5
2564 3156 1
796 796 350
1335 3142 1
50 2757 1
1768 1768 37
754 2471 1
2565 2565 16
1372 3156 63
2566 1813 1
128 3156 28
1173 971 1
2567 3156 1
2203 2906 4
317 1103 2
2568 1574 1
1770 1956 1
2569 3156 2
252 1450 1
1933 3156 5
999 2233 9
765 1841 1
1598 1598 7
2570 2570 55
2143 2143 14
411 3156 1
282 282 7665
317 3156 2782
1700 1700 30
423 423 1099
1353 805 3
1304 1304 1000
2571 2571 3
2572 3156 2
1238 3156 38
415 294 33
1552 38 4
50 1790 1
50 243 2
1929 1779 1
1589 2242 1
404 3156 1
2573 2573 45
1018 1018 20
2574 2574 42
2475 2475 2
98 1339 1
2520 3156 1
208 2051 1
2575 3156 1
1689 1689 990
1122 1122 227
1678 2825 1
1920 3156 2
520 2820 17
982 3156 2
504 3156 1
2099 2099 5
291 2927 1
1289 2594 49
1924 1924 2739
699 699 636
2488 2488 245
2576 3156 1
2577 2577 15
1634 2847 1
2578 3156 126
800 800 493
1923 2032 3
1148 3156 1
98 434 1
1588 1588 1
2579 3156 1
251 251 43
770 770 3159
2580 3156 2
8 998 1
1026 523 1
2581 3156 1
2582 2582 9
2060 2884 1
1348 1348 8
1468 1468 109
2107 3156 2
1492 2557 1
2210 2210 98
2052 3156 1
739 3156 19
217 2271 12
1068 1068 154
2583 3156 3
1966 1204 1
1705 3156 1
1411 1184 2
2582 886 1
1863 407 2
2584 3156 9
182 2506 1
1863 129 2
310 310 36
63 1212 1
2585 549 1
8 1713 1
1242 1242 44
766 766 25
1660 3154 1
8 293 1
476 3156 12
2341 2341 1
2586 3156 4
2587 3156 1
2234 3156 2
1427 2162 1
414 1012 1
1752 1164 1
1595 3156 2
531 1457 1
883 1635 1
163 220 2
2588 3156 1
2589 3156 1
890 1155 1
2590 3156 1
2591 3156 29
1817 669 1
2592 2592 21
2593 3156 1
2594 3156 50
50 247 1
21 841 1
790 3156 4
1647 1015 2
279 3156 1
67 1671 1
1897 3156 3
1042 3156 185
400 3156 6
2595 3156 1
1243 460 2
1796 1796 156
2073 3156 1
2158 2188 1
2596 2596 2
910 305 8
823 356 1
336 444 1
2597 2597 31
2598 2598 101
1055 3156 55
2599 2599 88
126 126 740
373 2139 1
1766 1766 182
2600 3156 5
2601 3156 1
120 1326 1
4 1231 1
1388 2846 1
2124 2619 3
1698 1698 13
8 2291 1
1764 1764 12
1076 114 8
1826 992 1
1392 1392 2
2602 2602 11
2603 3156 2
2604 3156 2328
184 2547 6
1651 61 1
446 446 2
1011 1011 45
1942 1852 3
2129 2129 357
2605 3156 2
1842 3156 1
2606 3156 9
2607 3156 9
2560 2560 346
175 3156 1
63 710 72
2608 2145 1
2609 3156 1
894 922 17
1584 3156 1
2610 134 1
2513 2356 1
648 57 1
1752 3077 1
2611 1189 1
2612 3156 2
4 2908 1
2613 2613 35
1044 3156 22
1479 3156 1
554 479 3
2327 3156 1
2614 561 1
2615 3156 1
923 923 60
1790 3156 5
1017 3156 9
2616 2616 32
771 1810 3
208 21 3
1780 2681 1
2552 2552 18
166 1067 1
359 1441 1
1837 2794 2
1687 1687 877
2617 3156 1
532 2438 1
824 824 22
2618 3156 1
262 262 12886
975 3156 1
1637 2008 1
159 823 1
2619 3156 3
2620 2620 11
207 206 2
340 3156 2
2105 3156 1
473 1728 9
524 524 916
2621 2621 4
2451 1367 1
414 2966 1
2622 3156 1
2623 3156 1
234 3156 2
2409 2722 1
21 208 6
2624 3156 2
2625 3156 8
159 1665 7
526 2625 8
1200 87 1
2147 3156 1
224 224 5822
1475 1475 2
2626 3156 1
919 3156 46
2190 2190 100
349 3156 3
704 3156 13
342 342 16912
2627 3156 2
2289 1026 1
1114 3156 3
2628 3156 9
2337 2337 46
1166 374 1
1860 3156 2
267 1267 1
1422 1422 344
2629 3156 2
897 314 3
1625 488 3
45 1076 1
1191 1716 3
1109 838 35
2630 3156 1
493 3156 299
12 1436 2
2268 3156 1
359 1214 1
328 1964 11
1772 1772 2
2631 3156 1
29 1500 1
1623 1623 269
1901 3156 2
2632 2181 1
522 522 1
2633 3156 1
2634 3156 1
21 1381 497
2635 3156 1
2636 2636 36
300 300 148
358 1848 1
2637 3156 7
2560 3156 6
717 717 19
941 413 1
2624 2624 108
2541 2541 2043
2014 3156 2
2638 3156 2
2430 2430 92
1491 1664 1
177 177 55
1173 1173 212
1059 2002 1
820 59 1
2639 3156 1
1175 1175 42
1605 3156 4
343 1731 1
312 3156 2
13 13 252
1604 3156 1
138 2899 1
1758 2874 2
2518 2518 176
668 2157 15
1105 1105 4
8 2469 1
2379 1048 1
1001 1001 145
2640 3156 14
2641 3156 94
2642 3156 1
1709 1709 42
2120 2120 25
530 31 2
2643 3156 1
2632 2632 10
2644 2644 2
2021 1361 1
1801 1801 26
1513 3156 1
1034 1034 10
1016 3156 1
2645 3156 16
146 1998 1
2646 3156 1
967 952 1
98 832 1
1147 1147 61
2456 3156 1
2647 3156 4
50 2244 2
3 3 943
1531 1531 13
1886 1886 128
2648 3156 1
2649 3156 1
631 1551 1
2650 3156 1
115 115 47
368 778 1
2651 3156 5
163 2561 1
368 975 1
1075 3156 54
939 3156 2
1662 2990 1
2652 3156 1
1596 979 1
919 1881 3
38 176 1
48 956 1
2653 3156 2
220 2851 1
1521 1521 76
1338 1338 23
8 1368 2
2654 3156 27
1128 1128 139
1130 3156 2
2655 3156 2
98 1058 407
2656 3156 1
1401 3031 1
734 774 1
2657 3156 2
3 3156 18
2534 2507 1
451 451 38
1125 2768 3
12 1750 1
932 932 8
2658 3156 1
2659 3156 1
449 3156 1
1533 3156 12
2660 2660 1
2661 3156 1
899 899 12
181 1591 1
92 1824 2
731 1060 2
786 786 496
2254 2254 5
1442 1827 1
2662 3156 1
2663 3156 1
163 133 1
2519 2519 278
2176 2176 25
1069 2138 2
600 112 1
2664 3156 1
2665 1227 1
2666 2666 37
1109 2604 44
236 2754 6
469 2544 1
2667 3156 1
650 1530 1
1685 161 1
75 3156 4
2647 2647 73
2 2320 3
285 285 5
1782 1782 52
313 313 8
466 644 1
472 2896 43
1993 3156 1
736 2048 1
2264 3095 1
2157 2157 1
1618 110 1
903 903 7420
1231 3023 1
1574 3156 1
1339 3156 256
8 318 1
530 1359 3
1992 1271 13
242 63 1
841 841 4
2236 163 5
98 588 1
1141 2485 1
267 224 1
2668 3156 2
2669 3156 1
2359 2734 1
2670 3156 1
452 3096 5
2671 2671 12
2605 2605 36
2164 467 5
166 2417 1
2007 2770 1
2672 3156 659
89 3156 1
2673 3156 3
605 274 3
317 347 1
1075 1044 5
200 1959 1
2674 104 1
2675 2675 4
2621 1874 1
29 1220 1
2189 3156 1
366 366 1548
1389 859 1
1435 3156 1
1787 1264 3
1770 1770 62
2676 3156 1
54 751 1
212 688 1
966 966 14
886 886 377
2677 1341 1
1081 1323 2
1950 1950 15
2444 2444 15
867 867 1
2678 2678 4
1807 2392 1
894 894 4812
615 3156 33
568 568 26
2679 3156 12
50 2488 1
1829 1829 51
856 856 8
970 970 2905
2680 2680 3
1397 2428 1
1216 2349 5
557 1920 1
2681 3156 1
2682 2682 3
2683 3156 1
1893 3156 1
1324 1148 1
849 2849 1
2581 1201 1
1353 2425 2
12 3039 164
1677 3156 1
1439 3156 1
1227 2009 1
244 3156 358
1128 1224 1
825 1938 1
1069 3156 10
1872 3117 2
2684 3156 15
2685 2685 85
2686 3156 1
2561 2561 27
2361 2004 1
1436 2600 5
317 1365 1
190 3156 1
1959 3156 1
447 2372 1
1919 1519 1
1697 3156 46
1235 3156 19
2205 2205 186
1020 910 2
415 2654 27
2687 3156 1
2624 2708 1
1420 1420 28
2392 1709 1
163 937 1
1949 1949 13
2434 3156 1
92 92 1618
694 153 1
979 3156 2
967 1033 1
2433 2433 196
2688 3156 1
208 892 1
1825 1825 3472
1941 1944 2
1163 3156 1
2689 3156 3
1062 1361 1
1991 3156 1
1237 159 23
1409 3156 1
2160 2160 8
1573 648 1
1134 492 1
1355 3156 1
1216 387 1
244 2317 1
8 724 1
655 90 2
1451 1451 89
650 3156 1
2690 3156 2
1026 3156 1
2089 2089 2
244 1222 48
2195 2195 49
601 3156 3538
163 2444 1
2691 2691 19
2268 2702 1
475 2942 19
1952 2800 1
627 469 1
502 679 1
8 2350 1
638 1429 11
2551 1208 1
29 566 1
1848 3156 2
842 181 1
426 426 3
2692 3156 3
2693 3156 1
1206 1712 1
50 2505 1
2694 3156 1
2695 3156 5
2696 3156 20
2697 3156 13
1975 2314 1
1753 3156 1
2469 23 1
2698 3156 1
343 3156 1807
1110 1110 323
2699 3156 2
228 3156 2
145 3156 20
762 1373 1
735 2419 1
1508 3156 3
600 2982 2
1662 2671 1
4 4 15299
2298 3156 194
2058 3156 1
2700 3156 2
1781 1781 165
2701 3156 1
2544 1525 1
2702 3156 1
897 3156 15
2703 3156 1
70 1415 50
50 600 1
50 1923 1
878 3078 1
2704 3156 7
2608 2608 9
2705 2589 1
2706 3156 6
2707 3156 1
98 1934 1
2053 3156 3
1004 1004 2
2620 222 1
833 3156 1
2708 3156 1
493 2344 33
1317 1317 25
2019 2142 15
2709 3156 6
38 2282 1
2710 2710 5
8 706 1
99 98 62
1696 3156 1
1776 2669 1
1990 174 1
1647 1647 93
2009 2621 1
2711 2711 39
2712 3156 2
2713 3156 1
2714 3156 1
1662 1662 12960
765 765 67
164 541 1
1844 3156 15
50 1918 2
383 383 63
347 2292 1
2092 2092 378
2715 3156 2
1256 1705 1
2533 2533 13
2 3034 1
1079 1170 3
2716 3156 1
941 2601 1
2717 3156 3
2718 3156 10
1237 1237 8477
2719 3156 1
323 3156 22
151 41 1
141 218 2
947 947 12087
163 12 2
1204 1204 38
2171 502 2
1332 3156 2
2132 136 1
2720 3156 10
1957 1957 3
1411 645 1
2721 3156 1
163 2779 1
1281 3066 1
1535 1535 34
832 3156 18
2722 3156 1
265 1397 2
406 2298 194
2723 3156 23
114 3156 198
622 1626 3
8 2117 1
487 2097 1
2724 2724 3
2725 3156 8
2338 3156 1
905 905 491
231 119 1
141 48 2
2726 3156 1
2136 2136 16
524 2871 4
892 2175 1
988 988 39
181 2888 1
1265 143 1
2047 3156 1
586 3156 1
1220 1220 4
292 524 1
2695 2695 159
2727 3156 1
2728 3156 1
2729 3156 2
303 913 20
2730 2730 9
1289 444 1
2731 3156 1
2732 2732 2
2733 3156 1
2734 3156 1
2267 2049 1
2197 3156 1
8 2905 1
729 3156 1
858 858 3
2359 3156 2
343 1843 1
163 2187 1
1393 944 1
2735 3156 1
29 167 1
2736 3156 1
385 3156 1
2737 3156 496
2389 2389 47
560 560 233
1839 1486 1
211 1696 1
2738 3156 1
2739 3156 1
1667 1667 11
55 2498 1
843 3156 2
2740 2740 10
1932 1932 2190
896 896 32
991 997 3
1689 3156 24
1844 1844 631
162 2256 1
2741 3156 1
2742 3156 1
99 157 2
2441 2441 9
1081 3005 3
279 2147 1
2743 3156 2
1518 3156 1
2604 2604 38
2579 2579 1
1647 776 1
267 2812 1
182 977 1
2744 848 1
2745 3156 6
492 219 2
2491 22 2
50 1088 1
2746 3156 37
2348 3156 1
172 2651 5
163 2267 3
1439 2210 2
163 4 23
624 2287 1
775 3015 2
2747 3156 6
2748 3156 1
812 3156 2
2316 2316 23
2151 2126 1
894 1225 1
597 2947 1
2749 3156 2
1745 3156 37
2396 2477 1
127 2375 1
1446 1278 1
514 2382 5
195 195 44
50 228 1
2128 496 8
2750 2750 84
1190 3156 1
437 437 22
29 2026 1
1725 1725 8
1868 3156 2
1805 1805 14
200 1725 1
163 877 1
1869 1869 124
2668 2668 1
2295 3156 1
2150 2150 2
1174 1174 3
738 3156 3
1657 1657 49
1397 918 2
2751 3156 2
2752 3156 1
1482 2150 7
2753 2753 8
701 1585 1
2754 2754 3
296 296 31
1579 1579 372
2755 3156 41
2756 2756 7
2757 2757 28
29 1206 2
1106 2211 2
50 2509 1
910 2584 9
35 35 6534
49 2225 5
624 2707 1
2758 2758 1
346 346 17
1359 2050 3
2759 3156 2
1201 55 1
1085 672 1
2760 3156 1
2761 3156 4
2450 2450 19
159 126 2
1210 2950 1
1044 1370 1
1087 1230 15
2265 3156 1
163 192 1
1825 3156 80
2762 3156 1
2763 3156 1
967 853 1
368 444 1
503 503 36
429 3028 2
139 2591 28
2764 3156 1
2765 3067 1
453 1656 1
2766 3156 1
96 96 33344
1849 762 1
2767 1544 1
163 122 1
343 50 245
2134 2134 42
1840 3156 1
2230 2230 11
2188 3156 1
1356 3156 44
1617 1617 20
2768 3156 4
2769 3156 13
193 583 1
120 163 29
308 308 118
2318 2273 1
2425 3156 3
2770 3156 1
2771 3156 11
1963 338 1
2335 640 1
321 3156 1
715 1967 1
362 1973 1
2304 2304 74
2772 2772 29
2540 2540 7
644 644 6
414 1068 1
50 2045 1
1279 3156 1
44 3156 1
842 2925 1
8 190 1
1791 1132 1
2272 2272 14
29 1578 1
311 1087 6
2521 3156 6
2400 2400 76
2666 2174 1
2178 2178 16
29 2704 1
8 1327 1
2773 3156 1
1638 1638 1
2677 2677 14
1404 2205 2
1054 3156 1
2460 2460 25
1898 2921 1
1946 3156 128
2774 3156 1
51 51 1081
2168 2168 125
2767 2767 49
792 792 29
1277 3156 1
2293 2293 129
781 2785 1
1539 1539 2
2599 3045 1
1119 2677 1
1054 1353 1
604 3057 1
58 824 1
1380 3156 7
1619 1619 27
2636 3156 1
8 2398 1
1372 1663 1
50 2510 2
2775 2775 1
350 1704 1
629 629 113
2062 229 1
1826 1190 1
406 29 2
1013 141 1
1565 398 3
1206 3064 31
2554 3156 1
163 2079 1
21 878 1
1386 1386 477
2202 2202 195
2776 3156 4
635 635 1
1519 1519 29
2614 2614 4
2004 2909 1
1458 3156 5
681 681 10
1587 1587 55
1945 2540 1
2777 2777 4
1076 1076 2289
1676 1676 125
820 820 40
762 650 2
179 179 53
2778 3156 5
2779 2779 33
2462 2462 12
2780 2780 2
1117 3156 2
1939 1939 17
23 1121 1
174 2252 1
1720 3156 1
397 1778 1
262 2283 1
766 577 1
1298 3156 123
81 196 1
925 2570 2
2781 3156 2
2782 2782 25
1478 1478 9
2523 2523 33
1173 2406 1
443 2999 11
1731 1731 52
50 1179 1
1038 3156 122
2513 3156 2
1937 3156 4
2145 3156 1
2685 1139 1
2256 3156 1
2783 3156 1
1035 3156 1
553 3156 2
1672 1672 229
2505 2505 28
463 463 1
2784 3156 5
1825 2543 10
2785 3156 1
98 559 1
1621 1621 9
550 3156 2
492 3156 4
1763 1763 64
1324 2361 1
163 448 2
1979 1979 81
163 3156 18005
1269 2047 1
2786 3156 1
2787 299 1
1932 3133 7
2788 2788 18
2789 3156 1
342 3014 44
1662 1902 1
2185 1288 2
2412 3156 1
108 1100 1
50 1795 1
1894 2494 1
163 1403 2
2790 3156 1
163 1886 2
191 1844 3
1060 1915 2
560 3156 3
405 405 22
75 1768 1
412 2012 1
2791 3156 1
170 864 1
317 1986 1
1374 1374 11
1552 3156 6
159 818 1
599 139 6
967 717 1
2767 3156 1
380 380 26
2792 2792 16
209 1364 1
1678 3156 10
2793 3156 9
1860 1860 187
1118 73 1
2794 3156 2
759 3035 1
2795 2795 18
1038 2385 7
295 295 36
2796 3156 5
2797 3156 1
2798 2798 40
2799 3156 2
2800 2800 6
2801 3156 2
616 616 20
1988 633 1
2802 3156 10
1918 1240 5
2803 3156 6
914 3156 8
2030 3156 1
1356 330 7
2804 3156 4
50 854 4
2805 130 1
2806 3156 2
2807 639 1
758 2478 1
2808 3156 2
99 901 1
386 2569 2
420 3156 26
2128 2219 3
2809 3156 3
2810 2810 2
529 529 5516
2811 3156 2
550 3088 1
2812 3156 1
1353 389 2
2305 3156 1
2813 3156 5
2236 1501 1
8 838 1754
1120 1120 71
2814 3156 20
776 776 42
178 1447 1
2815 3156 1
1769 3156 12
1678 642 1
1355 1355 76
797 797 28
903 3030 18
1081 1081 1312
4 1649 1
1649 1387 1
823 917 1
1823 3156 13
8 246 1
23 701 1
2 1631 1
2306 2306 299
21 1358 1
2816 3156 7
120 2857 25
2314 3156 46
1569 1569 71
2817 3156 1
2704 2704 184
624 624 2035
605 3156 44
2431 2431 4
1472 1472 161
1417 1417 1838
2818 3156 10
2332 3156 6
1441 2843 1
2819 2819 18
2820 3156 17
2248 2248 6
2821 2821 13
2730 3156 2
2822 3156 1
1075 1075 2160
127 1524 1
2077 3156 1
458 3156 8
1710 1710 38
2528 2528 1
443 140 19
2823 3156 1
722 396 1
2241 2241 12
1198 1198 11
1607 1798 1
165 3156 2
2459 2459 4
947 2642 1
476 482 2
2824 3156 3
21 1299 1
2825 3156 1
790 297 1
2826 3156 1
20 2719 1
2827 3156 1
1609 2383 1
194 2329 1
2828 3156 1
1936 1936 348
1878 1878 1
2829 3156 1
38 2750 1
718 3156 366
2531 3156 1
1873 3156 10
2830 3156 5
2195 3156 1
2831 2831 4
785 3156 3
2832 3156 1
1630 1630 82
2158 2831 1
249 249 495
2833 3156 2
1256 3156 31
2834 3156 6
2164 2310 6
662 182 4
2835 3156 1
2836 3156 1
2653 2653 37
2383 2383 43
987 3156 3
2837 3156 1
2404 3156 1
2838 3156 18
104 660 58
1176 3028 9
501 501 7
736 889 1
370 406 15
208 2231 1
1549 1549 70
98 1731 6
2839 2839 10
1109 2752 1
2432 1194 2
1565 3156 23
292 163 54
747 747 91
159 401 1
2548 1524 1
1456 1112 9
1684 586 1
940 940 50
13 3156 2
1354 258 2
164 164 17615
657 3156 1
555 555 18
1247 1013 1
2518 2688 1
1934 1344 1
50 427 1
2840 3156 2
2318 2987 1
1555 781 1
2841 3156 1
50 317 2
2481 2481 15
2842 2842 55
163 1657 3
2843 2843 8
1999 1999 3
2844 3156 1
2777 1313 1
2317 2317 38
2845 3156 1
493 756 1
98 2101 1
182 1980 1
1390 1556 7
23 2156 1
455 96 1
201 671 1
2846 3156 1
50 1296 1
34 34 9
2847 3156 1
368 2251 1
2239 384 1
1020 3156 13
420 433 1
2346 1788 1
1051 1 1
2365 2365 30
758 2821 1
2848 3156 3
1076 1218 7
2849 3156 73
2850 3156 1
1367 1668 1
2172 3156 3
1031 3156 1
8 3068 1
2680 3156 1
1565 2332 6
837 2228 9
159 1845 1
67 1662 1
1717 833 1
643 1213 1
1569 2335 1
1025 3156 2
837 1621 1
1459 428 1
208 1477 1
2851 3156 1
1618 624 2
333 3156 3
2852 3156 1
2853 3156 4
2854 3156 1
526 2324 1
14 14 4
2855 2855 7
305 1456 6
1873 2442 2
447 2014 1
754 1135 2
2791 2791 7
2471 3156 1
7 38 5
50 301 2
1378 3156 1
328 3156 81
1609 1595 2
2740 83 1
1362 2452 1
181 181 148
1525 1525 363
2856 3156 49
343 1291 1
1046 1046 1
1769 1603 1
163 2312 1
1777 2668 1
2314 267 5
2857 3156 25
2858 3156 1
2307 2119 1
755 3156 1
412 2867 8
2859 3156 1
56 1015 1
2795 3156 1
1036 1572 1
1021 1021 158
2860 3156 1
403 3156 186
2861 3156 4
1319 1716 5
1820 1820 17
10 3156 1
1714 1714 26
1673 3156 3
2263 2263 6
2862 3156 5
234 123 1
1472 3156 2
1375 1375 45
336 1420 1
2266 2266 183
2863 3156 1
23 3103 1
87 2258 1
105 3156 121
2864 3156 4
1905 478 1
2865 2865 16
2821 3156 1
2194 3156 3
719 1536 1
2427 3156 1
50 1423 1
1990 2612 2
1438 1032 1
375 3156 3
292 502 53
1799 2360 8
2471 2471 100
343 346 2
2866 3156 2
2867 3156 10
2868 3156 2
613 445 1
1062 509 5
2869 3156 2
1524 460 1
2149 2149 33
120 936 1
2409 2409 280
2169 3156 2
1776 3156 173
8 2724 1
952 3156 2
1393 3124 1
2375 3156 1
805 531 5
86 3156 3
50 770 2
2675 3156 1
2506 3156 1
833 833 18
2870 2870 3
2871 1461 2
1777 2177 1
2159 3156 1
2872 1294 1
182 2910 1
1656 1656 7
1506 1506 10
1716 3156 82
2873 3156 5
2737 2737 5
1615 2983 1
1912 3156 11
2874 3156 2
1716 104 8
1368 1368 532
366 3156 37
1386 1953 2
1530 1530 6
450 450 3369
595 58 2
1497 3156 1
2286 2286 64
159 1758 1
580 268 1
1777 1919 1
1935 3156 213
1859 3156 1
2581 2581 5
1586 2474 1
1983 1983 42
595 595 84
347 3156 1
1799 1799 1082
455 1435 1
1586 1807 1
8 306 1
525 3156 1
875 2954 8
1541 1541 7
1417 348 5
1002 1489 2
2679 2500 3
38 2862 4
2418 3156 1
2875 3156 4
28 21 2
1599 1599 4
619 3156 173
1201 3156 2
1964 1964 1642
789 3156 7
637 637 368
464 332 1
2519 3156 5
2566 1831 2
2876 3156 4
83 3156 1
2877 3156 1
364 2403 2
1930 1930 70
2878 3156 1
159 840 1
532 1731 1
88 1414 4
2305 1119 1
2240 2240 174
12 1359 2
1091 1340 3
2259 3156 1
1143 2670 1
2879 3156 1
887 887 22
941 3156 23
1093 304 1
2695 193 1
331 1872 1
2566 3156 1
50 712 1
2048 2048 9
1824 3156 2
2880 3156 2
262 339 1
163 1767 1
54 1433 1
2665 2665 3
208 208 98168
440 440 2223
1289 2936 82
823 1274 1
1511 2815 1
528 2555 1
1665 3156 16
118 2003 1
2616 376 1
2881 3156 1
1986 3156 1
1880 1880 2
190 1864 1
435 1130 1
248 248 47
2882 3156 1
159 2672 651
317 1297 1
1622 417 1
1952 245 1
2095 3156 1
680 2640 14
2507 3156 1
2883 2883 81
1798 2608 1
2884 3156 1
1041 2 2
968 2068 1
688 688 17
163 591 3
1724 1724 38
12 530 3
1876 1876 21
1477 1477 110
958 3156 8
2885 2885 3
392 1806 1
2398 3156 4
48 48 74
2886 3156 12
1110 1039 1
2887 3156 5
1964 38 3
787 3156 66
2041 2041 113
2888 3156 1
50 1424 1
2097 2097 11
2889 3156 5
431 1393 1
1576 1576 908
2541 3156 60
2045 2747 1
481 1562 1
2890 3156 1
2891 3028 14
244 1802 1
50 2264 2
962 749 1
2340 2340 224
2282 2282 42
2892 2391 1
436 436 110
2572 1116 1
2724 3156 1
2869 2869 12
84 3156 14
133 1262 100
1379 2502 6
452 262 1
1860 1675 2
2893 3156 1
577 481 1
1369 1369 1
1332 807 1
141 1554 1
267 767 1
2894 3156 18
135 2479 1
1016 1016 59
381 3156 9
308 1216 2
935 935 2251
1990 33 1
2639 2639 3
2847 2847 1
2895 3156 1
1716 1230 16
120 120 9314
1182 2320 2
105 159 14
1989 3156 1
633 633 5
978 978 151
2896 3156 43
2897 2897 13
2311 2311 24
2898 3156 1
23 1451 1
1339 607 37
336 517 1
2899 3156 1
358 267 16
163 1815 1
50 716 2
2035 3156 3
2900 2900 7
2901 3156 1
1234 3156 24
2902 2902 67
808 819 3
2524 2524 7
2711 3156 2
2541 1895 3
21 2700 1
2903 1546 1
2185 2185 480
1500 1500 863
2904 3156 1
1680 3018 1
1298 1931 1
1693 101 1
1799 1575 1
623 2817 1
1968 267 1
136 136 47
2686 2686 31
785 354 1
1047 729 1
1508 2806 2
487 1014 1
669 3156 11
2905 3156 1
2903 2903 110
2906 3156 46
1412 1226 1
2907 3156 1
1496 1496 593
1241 85 1
96 3156 839
2908 2908 29
2428 3156 1
1236 1236 13
1151 104 4
2472 3156 3
2031 2096 1
2432 3156 2
1942 1942 1859
2909 3156 1
2563 3156 1
2597 1247 2
1791 3156 2
1964 1691 5
733 603 15
2910 2910 4
2021 3156 4
2911 3156 1
368 1805 1
2912 3156 1
1039 1039 257
2063 3156 1
1596 2630 1
80 400 4
129 2501 2
2913 2913 30
2914 2914 20
458 458 205
164 1803 1
2011 3156 1
1286 1286 17
50 1287 2
1786 1786 17
782 782 87
559 926 1
2915 3156 2
2916 2916 10
111 111 153
1790 1790 292
51 1126 1
2917 3156 1
2918 3156 1
2919 3156 1
1266 3156 1
2022 2897 1
1243 1909 1
373 2948 1
1296 705 1
133 50 1
2920 3156 3
689 689 5
649 649 5
1289 505 1
2758 3156 7
2644 474 1
770 3156 101
2921 1555 1
2922 3156 2
1909 1909 232
2872 2872 12
362 961 1
2923 3156 6
2643 2643 10
2819 3156 1
1427 842 1
1727 1727 2
2100 2100 3
1648 1648 5
1545 1901 1
50 699 2
704 570 2
1291 1291 13
249 3156 14
1974 912 1
50 1379 3
2924 3156 1
1039 2135 5
64 64 36
106 106 2
662 662 1895
120 2168 1
1803 3156 1
2065 2065 1
2117 3156 2
2455 2455 3
2925 3156 1
910 910 3101
2664 2664 6
470 470 38
2123 844 1
1560 1560 35
900 1464 1
890 3091 1
1828 1828 32
2926 3156 4
139 2737 22
487 3079 3
2927 2927 16
1546 3156 1
2671 3156 1
1109 1109 11791
2674 2674 11
99 3109 1
199 199 670
1494 2609 1
120 1275 1
2928 3156 1
2338 2338 31
1707 3156 5
481 3012 1
1306 1306 13
536 536 777
1888 1888 11
8 1971 1
584 129 3
2929 2929 24
2363 785 1
2930 3156 1
100 3156 7
1836 3156 1
1858 1858 9
2422 3156 1
50 24 2
2931 3156 15
1945 1945 60
2009 2009 186
213 2331 81
2932 662 1
1065 1822 1
1403 3156 5
2933 3156 1
2744 2744 11
1427 355 1
1975 3156 2
620 3156 1
1869 3073 1
148 2972 1
13 2580 2
1690 3156 3
317 1259 2
1356 2094 1
1460 3156 1
153 153 15
793 2515 1
292 2159 1
2934 3156 1
2772 2833 2
2602 3156 2
58 741 1
2935 3156 2
2936 3156 82
2053 1428 2
2937 3156 12
289 1143 2
20 20 204
2574 3156 1
2788 3156 1
624 1520 6
104 3156 584
430 430 171
2871 2362 1
699 3156 17
754 754 147
2938 3156 4
2939 3156 35
2903 3156 2
1068 3156 2
472 1697 46
329 614 2
2683 2683 2
848 94 1
2940 3156 3
1784 2377 1
292 1634 1
2811 2811 20
2941 2483 1
1572 1572 32
2942 3156 19
823 1193 1
2780 3156 1
370 29 1
267 788 1
2943 3156 2
1559 783 1
974 552 1
2128 3156 42
1293 1293 3
2900 1349 1
163 862 1
28 28 667
710 710 2
2944 207 1
790 1589 1
2515 2515 5
1794 1794 2
2945 3156 1
1015 1015 100
328 7 18
61 61 104
2414 793 1
734 734 42521
2946 3156 1
2917 2917 2
1522 3156 2
1689 2054 5
897 407 2
2599 3156 3
1238 1238 1894
1633 3156 6
2384 3156 2
2947 2947 9
83 2158 1
50 50 1143582
2410 2410 82
2948 2948 17
1064 3156 1
2949 3156 20
308 263 1
1726 1726 541
1242 1549 1
406 1471 2
2950 3156 1
1494 1494 44
2573 1439 1
2951 2951 56
2952 3007 1
92 284 4
1282 3156 5
2953 3156 1
632 632 16
1341 1341 10
1990 969 6
2954 3156 8
1491 2901 1
1741 1741 5
2955 3156 2
765 836 1
2063 1529 1
163 598 3
1939 792 1
1625 1538 2
358 358 4959
2956 2956 22
502 2929 1
2957 385 1
2958 3156 22
1368 512 3
8 2301 4
440 47 1
1097 1097 3
1437 1437 38
2807 3156 2
1974 3156 2
999 999 2386
611 116 6
1042 1042 6872
1525 1860 2
98 2194 1
1631 1631 112
718 718 13532
1512 1512 10
1157 3156 42
1907 1907 17
1331 3156 1
2959 3156 1
1265 3134 1
2934 2934 1
2510 3156 3
2960 3156 6
98 2487 1
2328 2328 21
335 335 2
1791 1791 168
2340 3156 7
668 668 4734
8 601 17
1325 1325 27
543 694 2
484 3156 1
2891 182 1
2961 3156 1
2962 3156 7
2963 2963 13
1788 1788 1
957 3156 1
2043 2043 13
741 741 15
21 15 6
1654 3116 1
84 72 1
2964 3156 2
397 388 1
2472 2472 72
1411 1680 1
29 2956 1
223 67 3
1255 1255 17
98 1823 1
287 287 130
719 3156 5
2965 3156 1
182 1478 4
518 518 4
406 1258 2
1077 1077 1600
1304 3156 30
2726 2726 34
2966 3156 1
2154 3156 2
1563 1704 2
2967 3156 1
99 1842 1
1665 1665 549
704 1110 1
1845 2576 1
2679 2679 613
2968 3156 1
1133 1133 7
2969 2714 1
1182 1182 59
1886 2904 1
886 2221 1
2699 2699 17
2910 3156 1
1815 3156 10
2970 3156 33
2951 3156 2
364 3156 15
931 3156 1
2051 3156 1
1601 1487 1
2066 2066 6
406 2086 2
968 968 126
1427 1018 1
2927 3156 1
2885 380 1
669 1110 1
1247 3156 6
2971 3156 3
2141 2141 14
2972 3156 1
2973 3156 1
2974 3156 2
520 581 1
1720 1720 15
267 769 1
701 701 6711
2975 1873 1
2976 3156 4
330 330 3229
1179 1179 2707
1318 2548 1
1384 1384 8
1947 1947 55
1123 1123 3
445 445 2
731 121 1
2415 2415 7
770 748 8
492 2699 1
565 3156 3
1739 1739 23
713 713 468
163 1306 1
805 805 715
780 780 72
1417 3156 48
343 444 2
1313 1313 142
2098 3156 1
2977 3156 8
2930 2930 16
1508 1735 1
1735 1548 1
187 3156 1
1594 3156 2
2217 3156 11
1378 955 1
972 972 64
1089 1912 11
771 1163 1
298 3156 61
2978 3156 2
1126 2736 1
61 3156 2
12 1129 3
556 1867 2
315 3156 5
2454 2454 6
1247 2104 1
2635 2635 27
2787 3156 1
2921 3156 2
873 780 2
2610 2610 11
2921 1586 2
2111 2111 20
516 516 75
127 2530 2
2979 3156 2
1139 1139 1335
530 530 1043
163 1167 1
2980 3156 1
2491 3156 8
292 3156 507
1313 3156 2
1918 3127 2
493 2822 1
2287 2287 7
835 3156 1
2236 3156 5
1496 465 1
2981 3156 6
1573 1573 87
758 3156 6
612 3156 7
1589 132 2
1447 1447 1
2526 2066 1
2982 3156 2
955 2453 1
2915 2915 61
2929 3156 1
1401 1401 138
1525 340 3
2324 2324 48
956 354 6
2010 2010 1
67 2299 51
1968 3156 201
2367 3156 1
50 1289 3
821 821 55
1613 2697 13
186 3156 3
27 27 93
2203 2472 4
845 3152 1
531 1579 2
2585 2585 1
937 937 12
272 272 237
1296 3156 204
742 50 1
2368 2368 1206
2103 3156 2
2009 1928 1
2748 2748 6
2492 3156 1
1969 3156 1
2224 754 1
2983 3156 1
12 3156 1727
2984 2984 190
51 3098 1
2985 3156 21
572 3156 129
1707 1707 195
1359 3156 27
2986 3156 2
1524 2998 1
317 317 112891
2987 3156 1
556 2527 2
1192 3156 1
1933 1019 1
367 367 3
2988 2988 24
2989 3156 7
50 1156 2
2990 3156 1
2963 3156 1
1042 2594 1
163 30 2
201 3042 1
50 462 1
2991 1819 2
1281 1281 99
133 133 33515
2598 3156 4
200 3156 13
102 3156 182
2992 3156 1
1718 3156 2
2993 3156 2
2994 3156 2
2005 3156 4
2995 1308 1
1596 1596 180
2996 3156 2
901 567 2
2964 2964 58
2997 3156 2
2613 3156 1
843 2879 1
2998 3156 1
2999 3156 11
487 260 2
2152 2152 17
98 720 1
2718 2718 333
343 915 1
698 2074 3
3000 3156 25
3001 3156 69
3002 3156 4
565 565 237
1754 2106 1
2624 1321 1
666 3156 129
894 4 17
196 3156 1
619 619 6794
159 2218 1
1135 835 1
3003 3156 1
8 867 1
1210 3156 1
2472 240 1
2775 3156 175
1390 2816 7
1576 909 3
267 1690 1
182 50 1
3004 3156 1
1427 1941 2
1964 267 5
2891 3156 105
50 1459 1
1814 1814 2
771 357 28
2309 2309 5
1884 3156 10
894 2814 20
1971 3156 2
1373 3156 3
1923 3156 26
3005 3156 3
2310 2310 1
362 315 1
1643 2720 10
2571 257 1
1284 3156 1
1170 3156 2
151 3156 1
2694 2694 32
3006 3156 31
658 3156 1
96 1386 2
8 744 1
2757 3156 2
2592 2100 1
2891 771 1
1087 3156 124
3007 3156 1
2914 3156 1
50 2467 1
3008 3156 97
1048 1048 19
312 855 1
2898 2898 55
1376 2823 1
2344 2344 2
2172 2172 94
50 1106 1
163 1646 1
1023 3156 11
2389 2378 1
1234 262 2
1710 3156 1
1353 2191 1
2572 2572 89
8 117 1
149 1094 1
373 1304 1
332 124 1
617 3156 2
8 138 2
2451 3104 12
2181 790 2
1507 1507 52
922 3156 122
2210 1514 1
1468 988 1
99 1969 1
8 3090 2
1496 3156 17
3009 3156 1
329 1059 1
3010 3156 1
3011 3156 1
2570 3156 2
3012 3156 1
1216 1216 1894
2902 3156 2
2678 464 1
659 1512 1
2787 2787 61
2133 2634 1
3013 3156 1
3014 3156 44
2710 3156 1
3015 3156 2
2125 2125 61
2691 3156 1
8 1335 1
1135 3156 3
3016 3156 1
962 3156 2
3017 3156 1
2154 2741 1
1585 2384 1
668 3156 101
3018 3156 1
3019 436 1
166 703 1
2171 3156 2
343 1504 1
1726 2090 2
3020 3156 2
1601 1601 173
1162 3156 1
1815 1760 2
3021 3156 3
3022 3156 1
846 3156 1
3023 3156 1
1607 1607 48
1944 1944 68
2095 2095 49
1550 3156 1
1302 1302 13
2745 2745 360
2115 2115 8
172 362 9
50 1963 1
1601 1707 1
1463 1152 1
1678 1109 1
498 280 2
414 1484 7
828 1312 5
126 1005 3
3024 3156 1
3025 3156 1
71 3156 1
760 760 41
545 1968 15
493 493 11424
1811 3156 3
3026 3156 10
317 1492 5
159 1884 1
353 3156 1
1915 3156 2
2655 2655 15
910 350 11
3027 3156 1
2732 1694 1
1466 1466 16
827 827 38
443 402 18
777 2826 1
281 455 2
2451 601 1
3028 3156 26
2042 1649 1
1212 3156 1
1857 1857 17
991 3156 9
1312 273 1
1866 3156 1
141 2542 1
3029 3156 1
3030 3156 18
805 546 2
159 668 1
3031 3156 1
2370 2311 1
2837 2837 25
2682 3156 44
2008 3156 2
1636 1636 37
1560 1596 1
3032 3156 2
1825 1932 12
214 3156 2
2430 3156 1
50 2373 1
3033 2971 3
3033 3033 53
159 2253 1
1709 3156 3
1860 1882 1
439 439 10
2865 1318 1
694 694 18
637 2824 2
163 1307 1
1143 1171 1
3010 3010 5
1781 466 1
3034 3156 1
1916 1916 8
971 971 10
109 109 11
1231 3156 3
2510 2510 119
942 2762 1
2158 2158 202
3035 3156 17
3036 3156 28
181 1292 1
1585 1585 17
1566 1661 1
2611 2611 8
1067 3156 1
2471 321 1
1206 3156 193
138 1597 1
1296 2683 1
786 126 1
223 1408 2
771 1381 37
371 371 16
640 2316 1
327 327 36
2449 3156 1
2792 2243 1
718 240 44
1873 2558 2
1507 1398 1
3037 3156 1
1988 1988 108
862 3156 1
305 459 4
98 1117 1
8 187 1
1376 1376 96
317 1211 1
491 3156 3
1413 461 1
3038 3156 1
2493 2493 78
2161 2161 12
625 3156 2
3039 3039 8
1191 1191 626
684 1347 5
21 3028 1
159 2400 1
159 473 1
3040 3156 1
2991 3156 23
1309 399 1
3041 3156 1
3042 3156 1
1963 3156 40
1861 3106 1
151 151 64
812 1651 1
2094 2094 3
531 1389 1
609 3156 3
1235 2830 5
1440 3156 1
2945 2945 17
511 511 10
3043 3156 23
526 3156 55
2006 2006 4
716 716 81
510 510 97
3044 3156 2
1533 252 3
1296 3043 23
1514 1102 1
29 1069 1
208 599 4
29 610 1
1188 2894 18
3045 3045 20
2220 3156 2
3046 3156 2
1203 1203 7
163 3011 1
163 593 1
925 925 720
2426 3156 2
2251 2251 14
1393 1393 251
543 543 302
432 432 1175
3001 3001 2
912 3156 1
1061 727 1
3047 3156 1
139 3156 172
1584 2088 1
2408 2408 14
1318 127 2
735 2212 1
99 99 27680
415 868 1
350 2278 30
1106 3156 18
2970 2970 1
165 483 1
407 2649 1
342 3156 414
701 2353 1
1496 8 2
715 715 132
54 253 1
1011 3156 1
2102 2102 22
768 768 7
520 182 13
388 388 21
450 2306 1
965 3156 3
1239 1239 503
514 1023 1
716 3156 3
3048 3156 18
50 2239 3
284 2508 2
1986 1545 1
1929 3156 16
1614 2807 1
3049 3156 1
1778 1778 50
2509 3156 2
114 1870 1
29 370 10
1549 3156 3
2672 2672 7
267 1622 1
958 2743 2
1780 3156 6
3050 3156 1
8 2805 1
1930 518 1
8 1149 1
897 1199 1
1514 2592 2
662 8 5
309 3156 53
1473 3156 7
2069 2069 8
2171 131 3
1055 1055 2073
386 1873 1
1663 1195 1
2592 1720 2
551 784 3
2086 2086 10
3051 3156 1
2956 3156 1
2044 2044 1
2397 1794 1
493 303 1
2871 2871 522
1586 1586 30
3052 3052 18
207 2524 1
164 1766 1
164 482 61
8 1003 1
904 3156 1
1450 3156 1
1946 2596 1
182 615 1
51 375 3
1095 3156 3
3053 3156 1
405 3112 1
1533 1838 2
2544 447 1
910 261 6
325 325 21
1353 943 2
67 67 16421
2883 3156 2
123 1736 2
3039 3156 165
1144 2504 1
2754 3156 7
3054 3054 56
597 2381 1
752 752 130
3055 3055 209
1296 1296 8710
1197 1197 30
317 1045 290
427 427 43
1439 2512 1
3056 3156 5
3057 3156 1
1417 850 9
164 544 51
3058 3156 3
1368 2040 3
2800 286 1
50 2359 3
975 2437 1
468 208 1
591 1564 4
2167 2167 35
774 2617 1
2979 2979 55
159 383 1
343 2989 7
1600 1600 50
2458 3156 1
1649 3156 1
3059 3156 1
828 828 1728
976 3156 110
1312 296 1
1109 3156 299
472 3156 387
3060 3156 45
2275 3072 1
3045 3156 1
267 2760 1
2203 3156 27
2474 872 1
546 546 44
2755 2755 1
1358 1358 8
844 2740 1
2807 2807 55
159 1394 1
3061 3156 3
2437 2437 5
3054 3156 1
849 2153 24
3062 3156 1
1001 3156 3
1576 3156 20
2330 2330 13
163 2653 1
2870 3156 1
330 3035 16
1489 3156 2
2119 2119 44
3063 3156 1
492 2885 1
728 2711 1
163 1894 1
3064 3156 33
553 553 59
420 978 1
330 660 1
871 871 37
1596 1160 1
159 197 1
611 1676 1
98 2602 1
1992 1992 4207
844 844 23
733 3156 92
192 2424 2
3065 3156 1
163 2396 1
2253 3156 2
408 2633 1
292 188 74
3066 3156 1
1332 1334 1
1609 2030 1
1631 3156 1
3052 3156 1
845 1246 1
2542 2542 11
3067 3156 1
96 939 1
3068 3156 2
960 960 5
3064 3064 4
593 1924 2
326 21 2
1508 698 2
224 2886 12
2096 2096 52
2984 2075 1
3069 3156 3
3070 3156 2
50 353 1
282 884 1
2171 2171 240
1150 2130 1
328 820 2
3071 3156 16
2752 2752 50
81 3156 1
1237 786 1
317 395 1
1033 3156 1
3072 3156 1
1884 1884 361
2565 3156 1
3073 3156 1
782 3156 3
3074 3156 118
3075 3156 5
1108 3156 1
1265 1265 392
316 3156 1
74 2965 1
948 948 33
1716 490 12
1737 3156 1
943 943 148
3076 3156 1
1877 1877 25
3054 949 1
3077 3077 1
647 1754 1
2158 359 1
2921 2921 49
988 3156 1
938 3156 1
2373 2373 29
3078 3156 1
163 863 1
1444 3156 2
2461 3156 1
1925 1027 3
493 3153 35
2070 2070 2
2779 740 1
1613 675 15
56 1178 1
487 1937 1
1868 799 1
1687 3122 1
2488 3156 6
531 1405 1
570 3156 2
29 538 2
2842 3156 1
247 3156 1
2566 2566 22
894 163 1
1795 2629 2
3079 3156 3
2417 2417 6
3080 3156 5
3081 3156 1
1201 2367 1
943 3156 3
1352 1352 5
1103 1103 1297
3082 3156 1
453 2599 3
105 105 4568
2798 941 1
2156 2156 15
936 2959 1
1977 3156 1
171 1115 1
848 945 1
163 905 1
2255 3156 1
1430 2154 1
242 242 136
1309 3156 4
1782 618 1
12 2842 1
982 1945 1
805 719 3
599 2394 3
3083 3156 2
3084 3156 1
8 62 1
2908 3156 1
208 182 2
173 173 24
724 724 17
208 3156 2537
3085 3156 1
3086 3156 1
1394 1394 30
1694 1694 9
182 851 1
3087 3156 2
246 246 58
886 2744 1
1413 420 1
2405 2405 16
2299 2299 1
3088 3156 1
454 3156 29
1625 1625 490
329 3019 1
2831 3156 1
1963 1963 1214
823 2667 1
38 1177 1
2782 1537 1
163 1277 1
2074 3156 3
50 1801 2
1413 3156 1
3089 3156 28
2270 1914 3
3077 2103 1
1434 1434 32
2707 2707 7
3090 3090 118
800 3156 17
1188 3156 124
1041 1041 886
3081 3081 15
3091 3156 1
50 2189 1
2593 2593 5
3092 3156 1
608 3156 1
154 1607 1
812 108 1
3085 3085 10
317 1854 1
680 680 3037
1219 590 1
244 2089 1
49 3156 55
450 2274 10
3055 3156 7
3093 3156 1
208 2220 1
925 3156 19
1072 3156 1
1795 1795 318
730 1036 1
970 656 9
182 654 1
1482 2402 6
2948 3156 2
207 207 232
2329 3156 1
1104 3156 1
163 439 1
293 819 1
2001 3156 1
3094 3156 1
559 2337 1
3051 3051 7
627 3156 6
754 1495 1
171 1097 1
514 514 1731
1944 914 1
823 2694 1
2891 15 15
2318 2318 99
2991 2991 865
1749 1561 1
3095 3156 1
292 50 2
2969 2969 8
2078 3156 30
197 3156 8
8 1493 1
88 3156 40
526 390 1
1639 1639 28
1889 1889 72
2549 2549 3
164 838 2
360 360 22
1651 2366 1
2391 2391 4
128 1863 5
2578 2578 1
3096 3156 5
8 2056 1
734 254 1
892 1161 1
2492 2492 47
736 736 166
499 3156 2
2897 335 1
29 10 1
11 11 21
683 2468 2
84 2250 1
3097 3156 1
8 282 1
2750 3156 1
3090 3156 4
2871 3156 10
3098 3156 1
2891 2891 3879
1044 1044 904
395 395 7
189 3156 1
2368 3156 31
1054 766 2
679 679 1
3099 3156 1
1021 3156 5
2245 2245 10
663 663 47
336 1540 1
2264 2264 354
2804 2804 99
1312 3156 3
181 1816 1
172 2862 1
416 3156 68
684 2171 2
163 894 17
1800 3156 11
1780 2413 3
604 1579 1
840 840 1
3100 3156 10
222 3156 1
2625 2625 1
3101 3156 1
3102 3156 1
320 3156 2
7 3156 81
1062 3156 54
3019 3019 4
2129 1416 1
2331 2331 1
50 2190 2
495 495 263
3103 3156 1
1355 606 1
21 1095 1
3104 3156 12
8 448 3
96 2087 2
332 332 59
1378 946 1
2306 3156 7
3105 3156 1
1863 3156 21
1330 163 1
2027 3156 1
1481 1481 24
1264 1856 1
242 1154 1
2165 1715 1
2553 3156 1
127 34 1
436 3156 3
3106 3156 1
922 1714 1
3107 3156 4
406 80 3
3108 3156 1
3109 3156 1
2370 2370 52
2491 2491 422
739 2407 1
2314 2607 9
1210 1210 100
1281 275 1
105 2492 1
3110 3156 7
2027 2027 87
3111 3156 1
267 597 1
2733 2733 17
329 2183 1
956 2010 2
50 1309 1
8 35 1
2875 2875 1
373 996 1
50 2742 1
2026 2026 54
2288 3156 2
259 2120 1
3112 3156 1
1002 2486 8
809 3156 9
2705 2705 20
535 2855 1
1079 3156 23
414 3156 77
350 603 1
2700 2700 23
403 3130 23
493 2835 1
2813 2813 1
3113 3156 8
3114 3156 1
3115 3156 3
655 655 830
406 423 1
2008 2783 1
252 3141 2
3116 3156 1
226 3156 1
3117 3156 2
3118 3156 6
967 1006 1
174 3156 1
3119 3156 1
1038 331 8
208 15 306
64 1523 1
956 38 2
50 2838 12
434 532 5
3120 3156 1
104 157 61
686 686 74
848 2573 1
2275 3156 4
50 1446 1
1170 1751 1
163 745 3
1940 3156 1
3121 3156 1
105 1400 1
2114 2114 183
800 2781 2
29 2254 1
3122 3156 1
2577 125 1
594 3156 3
1891 2497 1
1294 3156 1
9 2903 2
804 804 8
2000 2000 1
1006 1006 88
2913 3156 1
215 1922 9
1909 1542 1
3123 3156 1
1654 3156 29
684 684 1437
1086 1086 14
731 1021 2
1973 3156 1
2984 3156 7
267 529 1
431 2552 1
3124 3156 1
2988 3156 1
2957 2957 32
3125 3156 1
572 572 4759
3126 3156 3
2806 2806 23
1510 1510 121
2551 3156 9
1926 1926 9
2877 2877 45
967 3074 119
922 2290 12
128 910 5
3127 3156 2
2855 3156 1
2753 227 1
1063 3156 1
702 88 1
647 647 103
911 911 23
84 635 1
614 51 2
1834 3156 1
67 337 1
2363 972 2
2451 2451 4548
99 17 1
1787 1787 1343
2679 3108 1
50 861 1
1566 3156 7
163 1169 1
1300 3156 1
2803 2803 223
267 662 1
1473 1695 2
1304 1785 2
3128 3128 5
1096 1096 16
2012 2012 23
1662 609 1
1774 1774 3
3129 3156 4
2641 2641 3
29 1084 1
1042 3148 30
742 2161 1
736 501 1
3128 3156 1
2839 2313 1
2237 2237 34
2368 2994 2
2008 2008 69
1685 3156 5
2445 3156 99
2499 2499 1
3130 3156 23
2206 2206 4
769 3156 2
182 3156 1512
1832 3156 1
200 200 284
416 2495 7
2810 3156 8
3131 3156 1
8 1587 1
2233 3156 9
2473 3156 1
2363 2363 138
3132 3156 1
564 3156 1
1491 1491 217
3133 3156 7
2939 2939 3
29 29 191570
2756 3156 1
822 3156 208
2573 3156 2
1188 2155 11
3134 3156 1
1778 2721 1
54 1372 1
1974 2922 2
2916 2854 1
126 2394 2
2445 2395 15
2476 2476 24
1702 1702 7
3135 3156 2
668 2034 1
934 373 60
3136 3156 1
423 857 3
2776 2776 114
3137 3156 1
1235 1235 982
941 890 1
3138 3156 1
483 483 31
2237 3156 1
1020 2519 1
520 2958 22
3139 3156 6
163 2286 1
1238 1285 5
1418 2650 1
953 3156 3
3025 3025 29
1136 1136 12
2973 2973 4
1901 2631 1
1807 3156 1
3140 3156 1
2965 2965 12
3141 3156 2
3142 3156 1
1289 2644 1
3143 3156 2
2235 3156 1
1960 3156 1
254 254 7
2843 231 1
1961 1961 82
2007 3156 4
1016 1786 1
2389 1342 1
21 2172 1
3144 3156 1
133 1064 1
119 1518 1
670 2726 1
3068 3068 92
356 356 16
2193 2193 17
150 442 1
767 3156 1
162 14 1
72 1896 1
1234 1234 1246
2258 2258 10
424 3156 4
2660 3156 1
2519 2325 2
1332 1332 215
1214 1214 1
3145 3156 23
1756 3156 1
3146 3156 3
245 2622 1
1303 1303 31
471 3156 2
1359 2559 3
3147 3156 1
639 982 1
342 50 1
7 300 1
1511 1511 147
892 3156 19
1678 1678 421
1669 1669 5
242 3156 3
340 340 41
4 2044 1
673 673 1
1988 3156 4
1747 1747 17
3148 3156 30
541 541 3
415 1505 1
3149 3156 8
159 2604 7
3150 3156 1
1474 3156 1
104 38 3
201 2388 1
3151 3156 1
815 815 152
589 3156 1
2397 2397 11
292 292 20679
3152 3156 1
265 627 1
3153 3156 35
876 1192 1
2191 2191 17
2250 2250 3
3154 3156 1
366 3139 6
329 1506 1
1616 1616 32
2805 2805 3
3155 3156 3
98 2668 1
1367 3150 1
1084 3156 1
38 2215 1
934 3156 381
