1 94 7
2 1367 1
3 550 1
4 343 1
5 111 2
6 468 1
7 1396 1
8 8 106
9 496 2
10 28 2
11 11 9
12 1429 2
13 13 2423
14 547 2
15 108 24
16 16 4
17 17 19
18 256 1
19 19 1088
20 128 2
21 222 48
22 1429 2
23 122 2
24 110 5
25 190 1
26 1305 1
27 27 8
28 321 1
29 29 184
30 1413 2
31 31 1
32 1429 1
15 149 4
33 21 1
34 1429 16
35 844 1
36 809 1
37 1429 1
38 1014 1
39 1429 15
40 242 1
41 493 1
42 96 1
43 43 23
44 44 42
45 1106 1
46 1429 3
47 47 42
48 109 1
23 23 442
24 3 1
49 49 5
21 354 1
3 57 2
50 50 3
51 860 1
21 979 1
52 10 5
53 1429 1
54 54 3
55 480 2
56 1429 2
24 723 1
57 1429 3
58 669 1
59 59 1165
60 224 1
61 445 1
62 1429 1
63 24 1
64 849 31
65 1429 3
66 66 43
55 178 4
30 30 260
67 1429 1
68 592 2
69 346 1
70 649 1
71 777 5
72 72 265
73 960 1
74 24 2
75 579 1
21 964 1
76 1429 5
77 558 2
78 78 706
79 1047 1
24 28 20
80 1429 1
81 117 1
82 990 2
83 83 1
84 1429 1
85 28 1
86 1429 3
87 1429 5
88 553 1
89 89 230
90 218 1
91 55 91
92 92 39
93 752 1
24 783 1
40 1365 2
94 564 2
95 1429 25
96 321 2
97 537 1
98 98 175
99 99 52
100 100 154
101 312 1
102 270 1
103 103 313
104 1389 1
74 1429 1
105 508 1
106 453 1
107 161 1
108 1429 25
109 110 2
110 21 46
111 280 4
112 112 4
94 586 87
113 1429 2
114 908 26
1 96 3
33 89 2
115 186 1
116 116 53
28 550 4
117 117 66
40 552 3
118 146 1
119 828 1
21 1195 3
30 217 1
120 120 123
121 121 79
94 337 3
122 178 8
123 1429 4
124 1429 1
24 18 5
125 125 130
7 1006 1
40 798 1
55 94 7
126 56 1
127 821 1
24 325 4
128 128 5
129 129 4
130 1429 4
131 131 3
132 1429 20
133 770 1
134 21 1
135 783 1
136 321 1
88 1429 1
24 710 1
137 1429 1
138 321 2
139 139 11
140 140 43
138 14 1
141 141 8
142 773 1
55 509 1
143 143 45
144 46 3
55 955 1
145 1194 1
21 85 1
146 1429 1
147 944 1
148 10 7
149 578 2
15 52 16
150 150 107
151 1429 1
74 1052 1
152 361 1
153 153 134
8 90 1
154 154 265
155 312 1
156 967 1
157 1429 1
158 158 5
159 550 1
160 1343 1
45 1217 1
161 796 1
152 152 78
162 162 10887
102 775 1
163 1429 10
148 148 2090
40 1282 2
164 155 1
165 1429 3
166 166 45
167 167 45
168 168 336
169 422 1
170 21 5
68 289 1
171 1429 1
40 384 1
172 1429 2
173 173 3
40 94 3
109 446 9
174 965 1
175 279 1
176 715 1
40 420 2
177 1429 1
178 774 10
179 179 15
180 1114 1
48 270 1
21 169 1
181 1010 1
182 24 1
122 52 1
21 360 1
183 183 3
184 1429 1
24 208 1
185 1357 1
186 1429 1
187 1425 1
188 1429 4
24 870 1
189 345 1
190 71 3
21 132 14
191 1205 2
192 1429 1
193 1429 29
194 1429 1
21 19 6
174 174 3
195 24 1
196 139 1
55 1105 4
197 197 83
198 88 1
199 1429 4
149 55 5
200 55 14
201 891 1
202 202 51
203 203 20
89 1281 2
204 1429 1
205 205 65
24 776 1
206 1429 1
207 703 2
21 290 3
208 316 2
209 943 1
210 40 1
102 102 74979
211 1104 1
126 28 1
212 21 3
213 213 10
214 1331 1
215 21 1
216 216 94
71 123 2
32 32 3
217 278 1
218 218 96
219 1429 1
220 1429 1
221 1155 1
222 21 54
223 385 9
8 362 1
222 102 1
224 973 1
225 1429 5
226 450 1
102 963 1
227 227 16
228 228 24
82 881 1
229 229 22
94 85 1
230 1429 21
1 1429 52
21 1088 1
231 417 1
232 232 9
233 268 1
234 213 1
235 1212 1
236 236 33
149 18 2
237 237 2
28 449 1
238 238 2
239 1429 1
52 930 1
15 287 1
240 851 4
52 3 2
55 573 3
241 1429 3
40 931 1
242 1429 1
243 21 9
40 787 3
244 904 4
24 190 21
245 1429 1
246 246 6
247 1405 1
244 292 1
69 69 8
248 1429 2
249 136 2
250 604 1
40 239 2
251 1429 2
252 769 1
24 196 1
253 1100 3
254 1429 8
71 190 1
138 1429 15
255 670 1
256 321 1
207 428 2
40 160 2
257 1386 2
258 258 10
259 1429 4
260 102 6
261 21 1
262 1147 1
263 263 23
264 1026 1
42 42 501
265 24 1
266 1429 2
267 1173 1
268 288 1
269 269 94
270 1314 2
271 1407 4
272 530 2
260 211 3
273 24 8
274 274 677
156 156 42
275 275 19
276 276 320
277 1429 18
5 379 3
278 217 1
279 585 1
280 24 2
281 162 1
282 806 1
55 551 95
28 33 2
283 632 1
24 149 2
284 284 14
72 52 1
132 132 1471
21 212 4
285 285 53
286 286 277
222 222 6533
287 94 1
288 755 1
289 939 1
290 624 1
291 1429 1
24 930 1
40 725 1
268 268 31
64 64 7797
149 149 4899
292 55 2
103 21 1
293 321 1
24 307 3
294 1429 4
55 489 3
182 516 1
295 1429 4
296 296 8
297 868 1
298 1042 1
242 242 22
94 102 37
299 299 15
300 55 1
301 1429 164
302 302 47
303 1247 1
91 1366 37
38 1429 1
95 40 1
246 312 1
304 1429 1
24 1146 1
305 305 34
162 1429 140
306 1429 1
19 721 2
262 857 1
285 1429 2
307 472 2
308 37 1
309 467 1
310 837 1
311 1429 53
312 56 1
313 313 914
314 314 106
315 767 1
279 279 46
40 1195 1
316 316 277
264 1012 1
317 24 1
91 1036 1
318 21 4
319 319 7
24 700 1
320 320 57
321 777 4
249 94 1
24 1239 1
71 94 2
322 1429 1
323 1268 1
324 324 86
325 24 4
326 1429 1
10 21 21
327 327 42
328 689 1
329 678 1
330 889 1
331 24 1
24 98 1
115 170 1
91 257 3
243 1093 1
310 287 1
318 1429 6
332 1429 2
333 1429 12
334 1429 1
335 335 1
65 55 1
336 336 140
337 256 1
338 694 1
339 152 1
276 1124 1
340 702 1
341 341 2
221 24 1
310 24 1
342 342 11
23 199 4
64 10 1
343 1429 1
339 339 293
28 64 1
323 40 1
344 344 11
345 248 2
40 81 1
318 916 3
346 1116 1
347 1429 1
348 524 1
349 1429 123
350 1429 6
147 1429 1
24 917 1
351 704 1
352 352 140
353 353 42
223 198 1
123 24 2
354 1429 1
355 355 24
85 21 1
21 1373 1
356 356 2
40 35 1
357 357 17
358 1134 2
359 1397 3
40 1049 1
360 360 4
361 1098 37
362 362 8
363 1429 4
364 364 19
181 181 118
5 5 2690
24 516 4
24 45 1
365 935 1
21 1075 1
337 337 2244
366 1319 1
102 321 6
55 149 12
367 367 93
24 1105 8
368 1393 1
362 1429 1
24 5 9
223 94 2
21 647 1
222 24 3
369 1429 32
55 486 1
370 370 146
52 223 2
371 1429 4
198 794 1
178 149 4
372 753 1
126 996 1
373 44 1
374 1429 3
375 21 10
94 18 1
376 564 1
377 377 19
378 378 38
379 1289 11
380 729 1
256 130 1
235 235 3
1 102 3
148 21 1
381 381 12
382 382 612
127 127 17
137 137 1
383 419 1
21 259 8
384 1429 1
247 210 1
327 1429 1
385 385 23697
316 1429 3
386 500 1
387 212 1
388 1346 1
389 1083 1
390 1429 8
391 1280 1
345 827 2
392 61 1
393 24 1
19 240 1
102 1104 3
394 1429 1
395 55 8
396 24 1
278 544 3
223 15 2
55 374 4
310 1159 1
96 190 2
310 1423 1
21 385 3
397 1031 2
271 1429 10
24 496 1
395 21 46
398 1276 2
40 484 1
399 1115 2
400 21 5
401 276 1
55 40 1
402 93 1
403 21 1
148 55 4
404 404 72
405 400 1
5 52 2
71 413 14
346 346 514
406 406 35
198 30 1
407 1429 1
408 408 11
293 909 1
21 40 14
409 1429 1
21 266 1
224 307 1
410 1429 7
411 433 2
412 1429 1
114 1429 80
413 1429 15
414 1429 3
415 415 3
416 416 3
24 1124 1
382 1102 3
417 417 43
196 303 1
418 794 1
419 1429 1
420 754 1
212 387 1
260 1429 7
24 379 17
340 340 233
247 40 1
360 805 1
421 550 1
24 42 4
422 1429 43
71 1109 7
423 423 22
424 1429 2
72 206 1
65 24 5
425 467 1
337 1429 20
426 550 1
71 109 1
427 294 1
28 583 1
428 21 11
429 1353 1
430 1429 1
431 1429 1
432 55 1
361 55 52
433 1429 2
434 1429 1
262 517 1
435 435 2
436 668 1
437 1267 1
438 1186 1
21 244 3
439 439 14
440 1429 4
441 441 4
24 549 1
10 1429 83
21 413 1
442 330 1
443 1429 10
444 925 1
445 772 1
446 1429 9
447 447 177
397 397 2287
3 547 2
448 21 1
449 1429 2
450 450 29
451 1429 1
97 97 17
452 1429 23
55 529 1
453 1026 1
454 1429 6
455 21 22
456 21 2
457 1336 1
458 1429 1
459 1429 33
460 460 17
40 1317 1
461 1172 1
462 1429 1
463 1429 3
464 315 1
312 338 1
418 1429 1
465 1429 6
379 385 14
466 466 13
340 753 2
467 1254 1
468 468 64
33 28 3
469 1429 2
59 1429 17
470 1429 1
471 355 1
55 983 2
149 654 13
472 71 1
473 473 9
266 102 1
24 585 2
474 1429 1
475 728 1
476 1418 1
244 390 8
364 859 1
477 847 1
94 149 2
478 481 1
479 1024 1
480 55 1
481 717 1
482 482 4
457 40 1
4 599 1
24 88 1
52 1429 134
483 483 117
24 1375 13
484 102 1
338 145 2
96 123 1
485 986 1
486 1338 1
418 418 46
487 487 56
426 145 1
29 24 1
64 395 2
110 973 1
488 488 46
166 179 1
489 489 113
276 924 2
490 151 1
491 1429 1
287 109 1
55 1279 3
492 492 20
493 493 20
315 315 3
345 3 1
400 1429 10
494 1429 4
148 52 7
495 1429 1
496 102 1
497 526 1
55 435 1
359 359 727
321 1384 23
498 1429 1
499 499 15
361 149 1
10 149 3
500 1429 14
501 598 1
502 24 1
503 503 1
504 1429 1
490 24 1
61 667 3
505 1429 1
506 1429 10
507 30 3
508 883 1
509 374 1
510 510 19
511 696 1
512 512 10
513 1429 2
514 514 35
515 21 132
123 699 1
117 488 2
24 643 2
39 55 8
24 278 10
85 10 1
516 494 4
340 741 1
329 1429 1
517 668 1
518 1362 1
308 308 30
519 1429 1
196 196 253
520 149 1
24 973 7
521 449 2
522 1429 1
24 1392 1
483 533 1
21 109 14
149 1154 1
523 1429 8
178 339 2
524 524 2
312 1429 1
385 223 8
525 525 13
526 526 133
21 114 27
379 379 3007
527 1370 2
18 30 1
528 102 3
529 55 1
40 43 1
530 1429 2
531 531 2
324 1429 1
532 1429 1
56 56 122
203 543 1
338 1380 2
533 533 69
534 534 87
535 535 142
149 33 1
536 536 18
138 550 2
426 1277 1
537 537 3
14 21 2
538 538 57
52 149 8
55 91 89
539 1429 1
540 1429 2
190 270 1
541 4 1
91 1429 112
542 407 1
348 348 14
374 374 264
543 1429 1
453 24 2
544 1429 2
545 1429 1
546 546 13
115 1399 77
40 129 1
547 337 1
548 548 3
190 321 1
160 1025 1
40 572 1
202 24 1
549 1429 1
149 52 22
550 599 3
551 21 128
552 552 59
337 223 7
214 214 202
189 1429 4
553 553 3
44 985 1
312 519 2
24 276 3
51 51 109
554 724 3
555 1429 1
385 21 2
556 747 6
479 353 1
557 958 1
558 780 3
23 1020 1
559 1153 1
560 560 76
561 1429 1
144 131 1
562 1237 17
563 1191 1
564 841 1
148 658 10
565 565 2
371 24 6
471 1429 1
566 566 45
24 323 198
517 517 68
136 1429 1
3 28 2
5 21 1
377 620 1
109 102 8
567 1348 1
421 421 479
568 1429 1
569 1429 1
570 1429 8
56 126 1
571 571 12
572 572 12
389 716 1
21 422 1
189 94 1
573 573 153
574 574 43
575 1429 2
89 94 1
576 330 1
24 200 1
24 779 1
577 7 2
24 267 1
578 671 3
579 96 1
119 317 1
21 424 1
359 86 3
535 1429 1
55 1175 1
580 1318 1
581 581 768
582 1429 1
583 28 2
584 1429 1
40 776 1
585 444 1
586 1429 89
10 24 17
587 776 1
588 1429 1
398 52 1
21 13 16
589 224 2
21 1171 1
278 10 1
590 590 56
555 555 8
445 445 337
489 55 1
591 591 6
592 1429 1
593 593 16
102 575 1
594 1429 1
483 61 1
286 739 1
24 396 1
595 1429 7
596 80 1
597 58 1
21 148 1
598 598 39
94 244 2
599 550 1
21 1307 17
55 1011 6
321 24 10
600 1429 2
601 703 1
100 337 1
226 1429 2
602 102 2
18 148 9
263 997 1
21 1104 10261
149 1429 54
603 1429 2
604 1429 1
605 1429 1
606 61 1
507 1429 1
411 1429 4
212 455 1
492 1429 1
65 1287 1
3 1429 8
551 1309 1
426 244 4
24 956 1
587 587 129
21 897 18
607 607 3
608 275 1
132 1035 2
583 583 133
609 609 14
383 383 2
55 361 34
345 223 1
610 1429 1
583 338 1
611 611 9
198 198 12324
40 455 4
74 144 2
210 423 2
347 347 146
612 612 17
613 1429 9
614 614 13
317 778 1
615 55 2
616 1429 1
426 580 2
441 920 1
278 278 774
617 1429 1
292 1429 2
547 959 1
222 962 18
102 578 1
618 618 12
619 619 39
82 21 10
71 322 1
40 1133 2
484 1429 26
24 1408 1
38 38 22
620 620 46
621 1429 1
622 622 4
267 1429 7
144 21 1
457 1063 1
249 1429 1
24 152 1
623 1108 1
624 1429 1
280 280 738
361 794 1
224 1313 2
152 398 1
256 89 1
21 207 380
563 563 124
535 1204 1
256 33 2
625 24 3
476 24 1
453 1419 1
400 24 4
40 111 1
626 626 12
83 24 1
627 627 6
628 1429 6
629 1429 1
24 562 1
25 25 18
630 1429 1
63 1190 1
631 631 25
579 1429 4
55 125 2
632 632 4
633 116 1
634 317 1
287 149 3
94 287 3
635 88 2
636 820 1
554 1429 8
201 966 1
637 637 22
55 411 3
638 1429 1
639 639 37
640 640 369
578 1417 4
641 1429 1
1 110 4
385 1176 75
244 110 1
642 1169 1
40 445 1
643 806 1
131 1202 1
644 1429 1
645 645 15
24 582 1
646 1429 1
102 249 1
510 1040 1
647 21 1
648 648 23
87 87 553
649 16 1
650 1429 1
459 333 12
651 306 1
18 1429 37
652 652 36
578 21 7
94 207 1
212 24 46
653 1429 1
40 423 2
188 1403 1
421 178 3
384 1067 1
24 867 1
223 337 1
24 1 12
654 1429 14
55 253 6
500 386 1
72 10 1
198 55 1
549 445 1
655 1429 1
656 656 111
657 21 1
449 134 2
134 130 1
251 40 1
581 1429 8
24 883 3
658 1429 10
659 1429 1
660 1416 1
243 1429 8
661 21 1
567 567 1
577 1218 1
190 1166 1
579 24 1
662 270 1
663 663 537
356 264 1
207 102 47
270 662 4
664 822 1
665 1429 1
666 1325 1
667 1112 1
101 1429 4
668 1429 1
669 1429 1
81 1429 2
189 85 1
113 113 46
73 812 1
385 1322 66
670 670 67
232 1105 2
42 516 1
671 1429 3
119 77 1
672 672 495
673 1429 19
40 1234 2
149 337 2
516 1394 1
674 1429 1
675 675 4
676 676 11
270 24 1
307 1429 4
439 138 1
216 302 1
207 1263 170
677 566 1
214 357 2
24 499 2
200 1104 2
349 349 9970
678 24 1
679 1429 26
91 121 1
159 159 69
680 1340 1
681 1429 1
24 126 4
426 1059 2
21 1188 1
682 21 2
345 189 1
516 1429 9
683 1023 1
551 930 89
544 544 82
684 1429 1
274 484 1
685 685 8
686 1429 20
292 292 102
687 1429 1
312 312 153
467 575 1
1 24 9
688 1161 1
689 1429 1
690 788 1
169 1429 5
216 24 1
368 255 1
200 901 123
554 554 457
691 691 3
692 1429 2
639 608 1
693 391 3
41 41 17
694 483 1
695 1429 1
207 94 3
696 773 1
300 1429 8
303 1355 1
115 24 1
697 24 1
698 471 1
475 475 30
414 440 1
699 1429 1
700 700 11
480 1429 1
338 712 3
701 1429 1
160 1429 1
40 672 1
702 702 26
21 1011 13
460 262 1
355 1128 1
40 321 1
703 21 25
428 207 5
198 256 1
550 33 3
704 138 1
705 705 1
21 1415 1
296 1429 1
557 557 56
223 55 70
706 706 1
21 1241 1
668 269 1
707 862 1
40 207 7
708 21 1
474 47 1
709 709 17
177 177 2
40 511 1
710 710 97
95 361 2
176 176 2
711 1429 5
145 822 1
668 467 1
712 712 241
713 1121 1
18 52 2
714 1429 3
40 884 1
667 45 1
152 287 1
636 1119 1
715 715 2
226 365 1
716 285 1
717 717 10
24 693 3
147 147 95
294 24 2
718 157 1
221 221 67
719 946 1
1 109 1
720 1206 1
432 21 3
28 110 1
619 1429 1
201 317 2
721 1266 1
722 1429 1
24 834 1
289 75 1
21 26 2
109 321 1
723 24 1
724 1429 3
24 120 2
600 600 94
725 725 8
726 1429 1
457 388 1
21 515 126
727 1429 2
728 1429 1
729 1429 1
102 110 4
26 26 150
361 385 2
94 223 1
24 667 1
214 185 3
339 1429 3
21 87 4
730 730 2
731 731 3
218 680 1
105 1429 1
55 85 2
287 178 1
393 1429 4
678 429 1
575 575 98
178 1429 22
521 326 1
71 102 20
5 55 13
732 732 18
733 733 96
734 700 1
735 825 1
664 338 1
96 24 3
736 21 1
68 142 1
40 711 5
343 343 15
207 96 3
178 550 1
461 461 7
172 1145 1
136 545 1
216 467 1
737 737 17
66 183 2
215 215 16
478 366 1
189 379 3
483 138 1
40 1260 1
738 346 1
40 323 22
739 1429 7
740 1222 1
741 1284 1
742 742 2
395 39 12
207 270 1
552 1429 1
114 193 28
703 1268 1
437 437 57
743 1429 3
744 1429 1
5 280 1
745 1377 1
271 1337 1
398 55 2
24 289 4
347 1192 1
746 24 26
259 21 6
747 1429 6
748 1429 2
24 167 1
749 228 1
417 51 1
260 321 1
109 1412 10
750 666 1
751 1429 2
126 1404 2
192 192 10
15 21 15
752 752 52
164 164 116
464 127 1
24 417 2
136 136 60
55 148 3
21 24 664
599 94 2
753 1058 2
457 251 1
115 103 2
571 321 1
341 61 1
270 48 3
123 190 1
125 1429 2
754 1347 1
755 755 21
134 134 29
21 661 1
26 551 1
40 746 4
290 290 95
652 1429 1
24 892 1
526 781 1
756 24 1
337 33 1
757 1429 36
115 800 83
667 24 1
741 646 1
758 758 2
759 1429 21
693 24 1
378 1429 1
760 1429 1
24 1268 2
761 1429 55
287 1176 10
144 771 4
52 18 4
762 1429 1
201 923 1
281 1429 6
763 1429 6
222 897 6
21 861 1
432 432 336
764 764 14
765 1429 3
766 766 7
482 912 1
767 20 1
768 24 1
435 1429 1
769 769 1
439 918 1
770 770 8
771 614 1
172 280 1
40 739 13
440 53 1
625 625 316
21 55 2883
772 385 1
773 307 2
357 1429 1
774 1429 10
775 775 3
558 478 1
776 1429 4
28 1429 83
40 819 1
21 397 26
72 1429 3
777 25 1
323 323 38306
544 278 1
778 214 1
253 684 1
779 249 2
777 28 2
780 1429 1
601 513 2
21 999 1
781 1064 1
664 272 1
40 972 2
428 714 3
497 497 41
178 310 1
782 782 159
783 783 75
784 190 1
601 21 4
287 1081 9
785 785 9
21 1263 2
55 6 1
786 680 1
149 287 2
317 214 1
787 1429 2
788 1429 1
321 321 5781
109 109 3253
55 15 44
789 1168 1
267 267 618
790 21 1
316 531 1
198 196 1
791 839 1
792 24 9
793 685 1
24 771 1
102 28 8
794 1429 3
185 389 2
110 1081 21
795 795 60
10 52 7
467 1429 2
472 60 1
40 198 2
526 1429 1
94 551 1
538 1112 1
109 1429 42
459 55 3
49 1429 1
796 346 1
703 1429 31
608 24 1
647 638 1
797 797 95
223 122 2
379 1106 1
24 232 1
490 875 1
149 24 1
798 1429 1
24 1196 1
102 126 1
24 280 5
21 395 47
799 1429 1
800 1429 85
528 1244 2
21 730 1
801 1429 1
643 1065 1
802 950 4
144 217 1
328 328 5
328 1429 1
24 337 2
231 231 5
521 195 1
72 171 1
575 94 1
102 33 1
487 1429 1
803 803 70
704 704 5
10 72 2
85 18 1
40 1104 1
804 1429 1
562 230 20
805 21 7
24 316 4
806 600 1
807 807 9
808 808 1
40 393 2
55 395 11
592 592 6
65 1354 1
339 835 2
809 1402 1
810 810 69
40 808 1
15 178 1
178 21 9
55 831 2
24 148 13
811 1429 1
138 1061 2
812 198 1
813 988 1
814 814 13
815 1429 24
816 24 1
389 144 1
102 395 1
52 361 3
338 338 573
420 247 1
61 1429 1
817 817 22
818 438 1
122 287 1
421 1429 2
819 819 5
467 291 1
464 24 2
152 55 1
216 612 1
820 1429 1
24 109 17
534 21 1
478 478 91
821 1429 1
78 21 13
185 467 2
24 677 1
822 24 1
823 1283 1
84 84 13
484 484 2167
338 1429 6
23 310 2
40 102 22
15 673 18
353 126 1
490 463 2
824 1429 1
825 825 27
809 231 1
735 735 45
826 1429 1
191 191 155
720 720 2
21 982 2
599 5 1
827 827 44
145 145 106
267 223 1
828 497 1
829 21 1
518 1165 1
35 24 2
21 21 3396845
830 1429 33
512 1429 1
547 55 2
24 672 8
198 368 1
831 831 97
832 577 2
21 866 1
806 366 1
833 833 8
735 1429 1
24 371 5
834 834 6
18 267 13
385 361 1
835 1429 2
822 652 1
767 767 19
119 643 1
24 201 3
761 24 13
337 763 6
387 355 2
55 1002 18
836 1200 2
40 1421 1
837 1429 1
838 1000 1
28 21 33
55 954 2
440 55 2
40 893 1
839 24 1
21 403 1
258 477 1
840 1371 1
841 1429 1
809 809 27
13 162 2
842 842 12
40 500 14
580 138 1
280 5 1
24 871 1
542 542 17
794 1390 2
843 356 1
844 844 2
28 1208 22
845 845 109
55 398 1
846 846 89
826 1274 1
847 1092 1
614 512 1
183 1113 1
359 459 1
848 1429 1
18 14 1
424 424 28
381 451 1
8 320 1
24 822 1
444 94 1
849 1429 31
21 1293 1
850 34 14
154 1429 2
65 368 3
710 1429 1
851 1429 4
24 100 1
818 818 21
852 852 1
40 161 1
261 261 87
853 1429 1
337 55 2
80 24 1
74 74 162
24 695 1
854 854 2
753 285 1
33 24 2
703 1174 11
750 750 26
855 659 1
200 469 1
40 205 2
856 856 7
190 516 3
857 668 1
858 214 1
111 981 1
40 793 1
7 863 1
859 61 1
276 24 2
24 60 2
371 371 766
40 590 1
860 860 13
459 459 3546
861 861 6
862 587 1
371 21 1
663 21 3
863 667 1
351 351 67
864 507 1
489 969 1
376 94 1
338 391 1
813 209 1
865 1429 1
866 866 4
867 867 27
812 812 13
21 653 1
105 1008 1
345 379 1
250 34 1
868 24 8
455 24 115
388 388 15
94 444 1
13 21 17
869 869 10
870 1189 1
721 1429 15
149 28 1
871 871 27
872 1429 1
873 873 21
874 1429 1
875 35 1
599 599 327
297 297 154
876 1429 1
877 1430 1
40 185 1
878 878 12
464 464 116
85 5 8
777 1110 2
59 24 1
875 1022 1
423 40 2
190 123 1
139 520 1
879 1429 1
101 24 4
355 485 1
880 1429 1
421 18 1
94 1 8
881 21 1
40 936 1
882 1429 92
883 883 248
35 464 1
884 884 85
885 885 20
309 1221 1
21 178 12
886 886 4
24 377 1
474 1304 1
887 329 1
516 322 1
428 603 2
564 94 2
73 73 86
272 330 1
152 1229 1
226 226 69
21 1285 1
511 511 24
340 558 1
828 633 2
85 1429 23
52 148 2
121 55 1
377 1211 1
289 307 1
888 1387 1
24 52 12
10 421 2
889 399 2
890 334 1
455 1429 238
599 28 1
21 223 7
850 277 16
8 1429 1
272 1272 1
244 30 1
870 953 1
40 21 276
365 1429 2
891 201 1
892 892 91
262 164 1
182 777 1
893 1429 1
894 1429 4
21 52 69
21 152 1
687 687 9
895 24 2
896 896 3
190 24 11
897 222 22
476 516 1
184 924 1
40 457 4
40 96 1
55 200 15
813 813 19
99 1429 1
260 1359 1
892 1429 1
467 467 362
289 1141 1
550 14 1
898 21 6
321 94 24
899 1429 1
900 338 1
901 1429 130
556 1429 14
680 680 69
782 824 1
24 447 1
24 329 1
793 1429 2
158 24 1
52 1408 36
184 401 3
96 207 1
27 320 1
902 1326 1
903 903 4
40 510 1
863 863 45
904 1429 4
905 905 44
91 830 33
24 869 1
581 55 7
688 688 207
636 385 1
906 1429 2
200 515 3
907 907 1
459 1005 10
10 278 1
21 1158 1
24 300 3
21 78 11
40 970 1
185 24 1
55 1307 8
478 753 1
299 1429 1
149 10 2
62 62 61
270 1143 2
908 1429 27
909 1429 1
61 392 1
910 910 9
4 102 1
911 1429 2
39 1258 3
166 24 2
110 224 1
551 1429 292
453 133 3
24 395 1
40 286 4
280 1288 3
912 1429 1
913 1429 1
122 122 1304
24 115 2
914 1429 1
60 25 1
915 1429 1
708 1429 1
733 1429 1
24 453 2
25 1429 1
118 118 4
365 40 1
40 352 4
55 459 3
335 1296 1
916 1429 3
55 1150 1
776 79 1
917 917 45
40 1018 1
918 1429 1
40 1291 6
399 801 1
919 919 12
21 432 5
24 274 6
920 920 30
35 1060 1
448 448 5
636 1429 1
859 859 2
921 1136 1
922 922 3
923 923 208
385 172 1
601 765 2
822 426 1
924 768 1
201 789 1
925 244 1
693 189 1
379 688 1
280 551 3
601 55 4
21 287 6
775 266 1
121 1385 1
672 1429 4
24 204 1
782 361 1
399 138 1
874 1236 1
776 737 1
926 926 35
186 186 5
223 379 1
927 927 8
399 855 2
831 55 1
39 39 1566
10 267 2
928 1429 3
502 502 6
169 125 2
929 1429 8
930 1429 4558
931 1429 2
24 281 2
662 1 1
932 932 60
256 1148 4
387 24 5
856 49 1
102 585 2
933 1130 1
583 691 1
934 1429 4
935 935 22
936 1429 1
102 52 1
162 1111 23
196 1324 1
490 951 1
24 10 23
239 239 19
153 1344 1
421 337 2
845 1429 1
278 689 1
294 1216 1
937 1429 1
223 551 4
240 240 528
938 1429 1
371 273 5
40 154 2
19 1266 6
391 748 2
776 826 2
276 589 2
30 33 2
519 519 17
109 21 19
208 208 128
457 1429 1
939 1429 1
313 24 6
432 1429 4
606 606 67
940 1429 14
55 615 1
310 1015 1
777 1429 15
456 1429 3
941 941 1
942 942 3
123 123 506
551 551 27564
943 943 3
387 1429 19
693 867 1
336 1429 1
944 944 100
945 945 43
289 224 1
21 901 2
585 1187 1
387 387 1890
24 96 11
110 110 5726
124 124 5
550 493 1
24 1210 1
40 772 1
488 24 2
946 946 31
947 1429 1
948 1068 1
21 1152 1
24 405 4
99 1027 1
24 1157 1
949 1429 3
578 149 1
950 24 1
223 148 2
951 951 79
471 24 1
952 731 1
21 829 1
953 953 33
144 24 1
954 954 23
955 55 1
18 21 3
956 1429 1
273 273 1381
822 1429 6
957 957 28
598 467 1
3 310 1
353 60 1
55 277 1
71 71 3558
63 63 65
102 71 6
958 1179 1
959 1429 1
923 1429 2
692 692 260
876 840 1
547 1074 1
960 317 1
961 361 1
962 1429 20
963 109 1
415 1041 1
964 964 95
300 1193 2
889 889 165
862 1429 1
185 366 1
40 803 1
965 965 20
966 966 9
24 64 4
466 24 1
967 1429 1
850 55 34
449 599 1
48 48 70
330 1062 1
156 888 1
950 1429 4
657 657 20
968 1429 1
21 323 22
144 144 762
816 816 27
223 178 4
317 634 1
20 20 13
239 1278 1
969 1429 1
970 970 13
779 308 1
484 21 3
42 190 3
971 21 3
667 1429 2
294 474 4
521 521 123
972 972 27
382 1429 6
559 559 5
294 511 1
102 1195 223
474 1230 1
8 233 1
111 445 2
787 787 465
973 24 2
256 256 633
790 790 38
40 305 1
974 332 1
78 515 1
889 550 1
310 23 4
612 203 1
291 291 60
24 268 1
975 310 1
516 71 2
96 579 2
976 1429 1
977 1429 1
267 18 5
897 102 1
173 55 1
467 94 3
366 338 1
40 1107 3
924 1426 1
978 1429 4
211 102 1
898 1429 11
979 979 8
817 656 1
222 1398 17
599 244 1
721 19 2
421 3 2
42 1 1
980 980 19
564 1429 3
981 738 2
42 1429 7
223 361 2
982 21 2
287 1429 32
983 1429 2
224 314 1
889 321 2
244 28 2
24 1128 1
528 1429 4
24 185 4
585 948 1
528 921 3
55 416 1
680 786 1
974 1429 1
318 318 419
984 55 1
42 207 2
547 547 290
985 1429 1
986 319 1
21 339 3
28 256 2
761 21 8
531 24 1
73 372 1
55 64 1
515 1104 1
384 384 48
94 467 3
321 28 1
375 55 1
94 71 2
731 1129 1
24 772 1
850 1429 50
933 933 9
627 735 1
922 1429 1
138 3 4
408 1240 1
214 879 1
660 660 225
987 987 5
24 345 2
21 311 38
988 1429 1
749 749 2
395 64 1
989 989 23
87 1137 4
96 71 1
185 208 3
990 1429 2
21 1378 1
2 2 15
626 55 1
991 1429 3
821 821 4
992 992 2
416 1429 1
993 629 1
321 71 4
40 386 3
359 1429 5
55 121 1
94 21 247
21 405 2
24 490 1
643 73 2
207 1429 523
55 10 12
690 690 206
994 994 17
426 1194 1
995 1368 1
287 287 2687
24 123 2
996 1429 1
997 1429 1
674 674 28
579 777 1
414 1094 1
149 15 13
998 1429 4
55 984 1
999 999 10
1000 1000 1
563 21 1
15 1429 89
1001 926 1
1002 55 42
565 1429 1
322 1335 2
90 1122 1
285 922 1
18 15 4
573 55 2
423 495 1
102 1 5
21 601 7
847 1429 1
662 1053 1
1003 300 1
13 1429 23
5 1238 8
1004 1004 17
82 1181 4
414 55 4
457 236 1
55 223 43
21 556 23
290 21 2
784 1290 1
746 746 4592
488 1429 1
423 296 1
481 693 1
798 798 6
1005 1429 10
329 329 39
399 399 152
144 1429 6
126 110 2
250 250 189
525 635 1
340 1429 1
807 3 1
1006 577 1
685 196 1
200 1295 149
259 1046 1
145 664 1
602 602 149
79 245 1
1007 28 1
144 175 1
217 100 4
78 540 2
1008 1209 1
1009 1429 2
40 365 1
337 550 3
132 1294 7
387 349 1
245 245 18
1010 914 1
1011 1429 19
547 149 1
662 1429 1
855 855 33
861 721 1
1012 453 1
24 1104 7
240 19 1
582 17 1
122 339 2
449 1117 1
1013 1013 3
1014 1014 8
617 617 31
310 310 648
281 1345 1
1015 310 1
138 85 3
24 287 7
1016 1429 1
111 978 4
243 1311 3
236 627 1
1017 1429 1
368 961 1
519 501 1
1018 776 1
1019 1400 1
1020 178 1
954 1120 2
243 243 677
24 188 1
126 777 1
1021 1414 1
101 496 1
1022 1184 1
24 136 1
853 853 1
386 1429 2
1014 813 1
1023 1023 10
1024 1024 32
480 480 18
169 1089 2
1025 1025 5
24 7 1
24 260 8
162 815 23
457 283 2
1 48 1
1026 1429 1
148 15 1
278 55 1
992 1429 1
68 1429 2
85 149 1
140 376 1
28 71 2
162 1268 1
449 172 1
1027 1027 6
223 550 3
514 557 1
212 200 1
278 350 5
366 24 1
85 465 6
693 361 1
1020 21 1
368 1429 2
535 302 1
680 892 1
85 52 5
1 586 1
212 1429 107
21 358 1
55 359 2
1028 1429 1
1029 1429 1
1030 1429 1
422 21 1
1031 1429 2
782 794 1
24 207 86
668 668 139
753 1429 1
170 1429 7
1 686 19
520 24 1
1032 1429 1
1033 1429 2
40 349 11
55 1071 4249
777 928 3
126 94 4
112 242 1
159 1429 1
185 216 2
40 1271 3
387 471 1
1034 21 1
346 65 3
427 1216 1
361 1071 1
984 411 1
1035 1429 2
836 1286 1
1036 257 2
1002 24 13
1037 1037 8
297 1429 2
73 340 1
351 610 1
1038 246 1
973 293 2
777 24 2
211 1429 1
337 21 4
973 973 181
1039 1039 29
1040 1040 10
515 515 14601
77 187 1
1041 1041 4
535 622 1
253 1429 4
1042 1042 16
204 204 2
428 428 979
594 594 155
267 21 1
24 322 1
921 102 1
208 976 1
1043 1226 1
102 21 641
291 269 1
102 244 1
703 1233 9
1044 1044 411
709 618 1
102 55 6
185 806 1
15 94 3
24 1039 1
114 55 72
10 55 29
24 487 1
1045 1429 1
1046 1429 1
784 1270 1
1047 1047 2
738 651 1
64 21 67
1003 1003 35
926 1429 1
181 1429 1
420 1429 1
198 643 1
873 1320 1
40 210 1
283 283 16
25 777 1
1048 1131 1
1039 584 1
1049 62 1
122 398 1
675 282 1
421 28 1
1050 1429 1
1051 1429 2
239 876 1
94 28 19
550 28 1
1052 74 1
1053 1429 1
852 977 1
897 897 2677
1054 1054 6
269 1429 2
564 24 1
380 380 12
24 483 1
1055 1055 296
1056 1183 1
780 344 1
114 468 2
661 661 13
55 18 4
349 455 11
1057 1055 1
1058 1058 18
1008 1008 4
453 1429 2
10 64 2
1059 1429 2
535 941 1
24 721 3
1060 1060 46
490 226 1
457 457 167
24 773 2
162 21 96
397 21 18
40 387 1
1001 1001 6
94 89 1
21 1132 2
1017 1017 16
609 1333 1
24 845 1
912 912 11
11 217 1
1061 1429 2
1062 1062 1
21 448 1
80 61 1
263 112 1
345 85 1
254 24 7
1063 1063 6
1021 491 1
690 24 1
550 138 2
317 119 4
64 55 2
261 1429 1
75 75 9
1064 720 1
421 72 2
832 832 33
39 1246 7
244 244 1498
55 28 2
374 55 5
24 224 1
21 243 13
72 18 1
412 412 53
338 24 1
24 802 3
1065 1065 20
345 361 1
379 94 6
453 768 1
16 811 1
153 143 1
1066 1429 2
579 579 364
761 55 1
1067 427 1
640 991 3
1068 925 1
1069 546 1
144 1178 1
467 532 1
24 349 63
453 453 336
577 1429 1
418 300 1
28 138 1
986 986 4
96 102 12
818 642 1
1070 101 1
975 975 2
52 122 1
55 905 1
55 169 14
587 722 1
1071 1429 4379
1056 1056 9
367 1429 2
1072 1429 7
1073 1073 14
1074 1429 1
379 1429 30
1075 1429 1
1076 24 1
496 496 65
55 375 5
223 33 1
15 1030 1
366 366 147
1077 1429 2
71 21 3
102 18 1
21 271 14
55 152 1
278 24 5
771 24 1
299 61 1
85 379 1
21 256 1
515 459 2
24 55 721
1078 1429 1
1079 94 1
438 438 16
1080 394 1
94 126 1
420 40 1
541 541 3
1081 1429 30
121 1429 1
1082 1097 1
19 241 3
1083 791 1
792 792 990
533 138 1
467 576 2
24 625 2
273 21 1
556 21 22
29 150 1
1012 1012 4
780 147 1
24 65 4
1018 1018 57
393 393 201
1084 1429 3
182 182 35
1085 1429 1
318 395 5
883 181 2
515 87 1
234 234 14
493 1429 1
88 535 2
449 292 1
1086 942 1
24 484 21
24 868 7
874 874 30
544 29 1
21 149 22
668 153 2
170 1249 1
1087 1087 45
314 1429 1
185 883 1
1088 21 1
81 81 31
24 526 1
1089 1429 2
1090 1090 5
24 640 2
24 310 1
1091 276 1
196 304 1
643 838 1
647 1429 1
919 1361 1
325 1429 6
664 664 96
1020 1332 1
964 21 2
766 902 1
694 694 41
712 272 1
314 224 1
26 1429 2
56 583 1
1092 560 1
1093 1429 1
298 1429 1
24 963 1
999 21 1
214 535 1
24 68 1
96 595 7
681 795 2
802 107 2
307 853 1
1094 1429 1
153 24 2
126 1429 6
670 1429 1
1095 1429 1
94 109 2
476 260 3
52 28 1
1096 1429 1
1097 1429 1
868 1429 8
496 56 2
715 24 1
941 856 1
526 950 1
1098 1429 37
164 202 1
871 24 1
893 893 3
485 485 17
281 21 9
368 782 3
1099 1099 6
24 361 25
1100 1429 3
1101 1429 2
1102 1429 3
40 409 1
24 331 1
24 1002 24
24 455 134
55 1243 1
111 24 5
21 240 7
18 18 3381
149 613 9
31 593 1
170 170 404
427 427 33
256 547 2
24 254 7
489 1429 4
21 200 370
94 189 1
346 1429 1
472 1066 2
753 481 1
40 488 1
1103 1429 2
24 74 2
190 260 1
346 418 3
35 1429 1
431 431 35
832 740 1
750 1329 1
981 1429 2
395 1429 44
40 251 3
885 177 1
287 55 2
516 516 735
1104 1429 10673
1037 872 1
1091 1091 49
357 856 1
218 732 1
1105 24 2
423 373 1
24 1024 1
1076 1076 9
223 85 2
52 1154 41
873 1429 1
223 10 1
719 719 1
267 72 1
24 792 8
1106 1429 2
365 229 1
321 1 1
1107 1429 3
464 899 1
169 169 725
160 160 60
405 405 419
550 1379 6
52 15 17
24 1213 5
1108 823 1
1109 1429 9
779 1429 1
144 412 2
850 850 3839
1110 1429 2
490 655 1
1111 1429 25
1112 1112 29
339 52 1
1113 1113 7
303 24 1
564 1007 1
1114 992 1
752 1429 1
1115 1429 2
87 515 2
85 94 1
1014 616 1
1116 1116 12
599 21 1
178 52 7
24 789 1
21 361 25
537 597 1
772 772 38
24 297 2
55 601 1
951 1429 1
389 196 1
514 24 1
21 703 24
321 1429 54
29 10 2
1117 1429 1
777 321 13
30 1429 3
938 938 10
511 873 1
24 681 1
288 288 3
252 252 6
1118 1118 32
55 930 4319
94 55 2
312 185 1
316 327 2
40 1057 1
409 409 22
257 1429 5
274 24 5
618 348 1
52 337 2
607 66 1
1119 1429 1
7 7 96
426 1177 1
267 102 1
651 651 54
24 340 1
974 102 1
267 10 4
970 336 1
591 24 1
1120 1429 2
867 328 1
900 900 28
28 1195 1
1121 1429 1
551 361 5
869 1429 1
961 961 6
134 55 1
1122 1122 17
40 40 33040
346 606 2
1123 1123 1
70 70 30
358 358 63
585 534 1
40 874 1
486 486 42
250 422 2
1124 1124 44
256 94 1
122 1429 16
1022 1022 49
1125 1429 1
21 523 1
375 375 1202
138 111 1
1126 1253 1
317 525 1
24 273 8
116 781 1
667 667 190
1127 1429 1
746 1429 44
15 55 62
910 639 1
338 564 1
1128 1163 1
459 21 30
1019 1019 2
756 756 44
391 138 1
52 178 6
931 931 103
1052 1052 10
21 321 4
1129 1129 55
45 45 91
21 162 111
1130 1130 12
257 257 594
278 244 1
140 389 1
572 1429 1
256 28 1
361 287 1
40 400 1
1131 263 1
47 681 1
111 111 1147
126 24 5
48 1125 1
172 111 1
1132 665 1
980 1056 1
467 140 1
24 368 1
1133 1429 1
148 85 1
89 18 1
1134 1429 2
863 341 1
67 67 3
716 716 27
1091 184 1
693 61 1
1135 1429 2
1136 1429 1
1137 1429 3
550 178 1
802 932 2
3 55 3
40 594 1
1138 1429 1
1139 1429 11
1140 1429 1
384 1303 1
983 55 2
1141 1141 7
1142 1429 1
966 1123 1
753 944 1
1143 1429 2
1069 1069 22
551 1104 75
1144 1429 1
138 399 2
672 24 7
24 1223 1
1145 1429 1
587 201 3
269 568 1
207 301 159
640 1429 4
850 422 2
155 155 48
585 461 1
167 55 1
855 28 1
21 1197 28
44 482 1
345 28 1
389 1144 2
739 739 902
1146 479 1
754 754 6
1147 1147 3
265 1201 1
40 516 1
40 59 12
1148 1429 4
551 287 2
287 223 1
190 102 1
486 1429 1
1021 1021 17
1149 1429 52
1150 1150 17
71 1429 38
74 430 1
551 223 2
973 1429 2
217 217 638
676 335 1
21 599 2
60 1429 3
111 5 11
1151 21 1
1152 1429 1
101 1167 1
1128 1001 1
265 367 1
445 172 5
751 751 11
240 55 1
456 605 1
264 264 41
24 421 1
449 21 2
44 1297 1
864 864 63
689 689 60
109 71 1
1 207 2
711 711 558
148 76 4
1153 21 1
732 83 1
734 164 1
1042 466 1
1018 1429 1
40 404 1
153 938 1
23 1423 2
123 777 1
1042 24 1
55 550 1
594 370 1
1154 1429 44
52 1071 1
55 380 1
338 664 3
317 600 1
55 102 4
123 270 1
973 322 3
181 1045 1
89 1429 3
24 1122 1
24 816 1
1155 1429 1
1082 1082 18
95 95 2122
310 21 1
734 734 10
902 902 1
1099 1429 1
207 1268 2
455 349 11
1156 1429 1
111 1429 11
85 337 1
266 266 74
110 24 4
776 24 1
24 20 1
96 94 1
102 207 62
21 987 1
1157 1157 13
1158 1429 1
1159 1159 17
40 247 1
24 178 1
201 475 1
1160 885 1
391 1429 1
1161 385 1
340 140 1
1041 1429 1
1162 1079 1
1163 1163 4
963 963 40
797 223 1
55 422 58
682 515 1
1164 777 1
312 467 1
681 60 1
721 1185 4
94 10 1
1157 24 1
1013 814 1
55 1044 4
24 102 205
1132 1429 2
1022 1429 1
385 5 1
19 1429 12
1048 1048 68
244 421 1
1165 1429 1
61 1265 2
737 201 1
944 70 1
721 1292 8
693 693 711
1124 479 1
21 542 1
1166 1429 1
109 94 5
207 222 2
51 1334 1
516 207 2
222 1104 1
201 201 245
142 142 16
993 993 14
256 889 1
1167 1429 1
5 223 1
678 678 48
515 1307 2
632 1346 1
198 24 52
773 681 1
550 399 1
520 520 57
85 361 3
1129 527 1
1168 1429 1
133 1225 1
1058 548 1
15 15 8491
72 547 1
1004 1429 1
1090 28 1
1169 1169 1
21 1268 10128
516 102 4
42 24 4
149 21 22
21 15 18
103 115 3
102 24 82
1170 1170 8
1171 1429 1
833 1429 1
78 1429 4
267 52 1
385 1071 1
1086 1086 5
398 398 478
705 607 1
846 1429 2
284 1429 1
391 391 82
1058 756 1
359 21 8
208 140 1
122 523 7
21 170 2
694 533 1
153 1429 1
55 108 1
21 898 11
128 1429 1
453 184 2
24 83 1
259 259 386
972 1429 2
790 191 1
24 950 1
1020 1224 1
244 736 2
28 679 26
78 1264 2
325 325 478
33 1429 19
287 551 4
526 656 1
1172 1172 12
122 21 9
144 708 2
1173 1429 1
24 387 10
781 781 37
889 1429 3
21 369 1
526 118 1
149 421 1
667 1239 1
286 1429 3
449 220 1
185 1429 6
35 1022 1
772 1429 2
28 777 1
1091 611 1
287 310 1
66 750 1
700 947 1
1174 1429 11
732 733 1
110 1 4
471 471 115
721 721 1633
635 124 1
149 507 1
1175 1429 1
779 779 176
1124 24 1
24 214 3
549 549 71
1092 1095 1
777 126 1
60 24 2
18 443 10
1176 1429 86
400 400 1098
1177 1177 14
24 8 1
1178 1429 1
1179 54 1
689 149 1
1180 1428 1
579 71 1
24 270 4
802 802 258
8 377 1
271 21 15
693 743 3
24 40 120
24 746 18
700 80 1
40 361 6
582 228 1
1181 1429 4
340 793 1
936 936 19
120 196 1
320 1429 2
287 24 1
24 122 6
417 24 1
144 534 3
1182 1429 1
128 166 1
810 1429 1
1183 1406 1
96 96 2623
515 1429 164
697 697 8
269 483 1
516 24 1
265 38 2
1184 1429 1
5 1429 27
1185 1429 4
548 674 1
1065 609 1
499 24 2
24 391 1
33 165 2
611 24 1
560 1070 1
185 185 605
1129 342 1
606 1069 1
24 370 2
472 1429 2
270 270 540
338 504 1
61 1019 1
476 476 170
753 753 159
259 744 1
974 138 1
166 968 1
864 1039 1
168 1429 1
645 1054 1
592 1227 1
764 21 1
860 1037 1
476 1330 1
1186 1429 1
648 1369 2
544 217 1
1187 1429 1
546 1003 1
551 1268 1
1188 21 1
1189 24 1
1073 1429 1
33 33 1718
921 1429 1
819 1429 1
770 1429 1
1190 1138 1
755 514 1
1048 298 2
24 1029 1
1191 1429 1
456 456 236
1126 1126 6
608 608 63
21 1087 1
28 244 3
1192 1192 27
1193 1429 2
856 185 1
1194 648 1
1195 1429 236
1065 1429 1
1196 24 1
164 113 1
61 693 1
1197 506 10
24 35 2
376 1429 1
21 637 1
82 162 2
24 694 2
331 331 14
1198 1429 1
1199 1429 1
758 596 1
782 1429 1
21 881 2
1200 1429 2
126 321 1
497 1424 1
696 696 16
10 102 1
1049 1049 9
784 476 1
578 1429 7
355 1429 1
640 561 1
689 198 1
323 313 3
1201 1201 45
536 668 1
135 135 71
551 24 6
385 930 1
1010 1010 5
427 1228 1
550 550 1122
1202 144 1
1203 1429 5
1142 1142 39
1152 1152 25
217 150 1
18 1300 11
932 1016 1
379 1020 1
533 693 2
229 874 1
412 1328 1
495 495 8
453 1091 1
21 930 8
40 212 5
1204 1204 8
580 580 20
1205 1429 2
1206 1206 9
623 623 7
703 102 7
21 10 24
1207 1429 1
126 126 819
21 929 1
189 287 1
1208 1429 22
14 14 167
1209 817 1
589 276 1
1 21 27
280 310 2
773 1429 2
405 21 2
1210 24 1
244 599 4
889 28 1
224 579 2
40 95 4
1211 1211 33
1124 1429 1
109 24 9
781 1429 1
24 21 1640
1212 1212 3
826 826 9
1213 1213 906
1214 1429 1
897 21 11
1044 1259 3
1215 842 1
1216 1216 39
857 857 11
197 18 2
1217 1429 1
13 570 8
28 28 9090
1020 1020 58
101 1013 1
102 40 1
10 10 7123
965 1235 1
1218 1218 33
256 1429 7
887 887 2
643 1429 1
10 1316 12
501 501 84
1105 1105 872
207 24 21
577 577 88
1015 1015 2
1219 698 1
40 226 2
21 82 14
1128 1128 102
879 879 9
312 501 1
1220 1429 3
101 101 206
19 21 5
88 119 1
466 1022 1
437 55 1
1067 1067 22
490 490 330
402 402 15
483 338 1
114 21 23
1221 583 1
968 968 18
79 79 55
924 176 1
262 1198 1
293 293 34
421 223 1
285 196 1
1222 1222 22
1223 1429 43
562 21 58
566 24 1
1000 1429 1
944 1101 2
125 55 2
255 255 9
896 858 1
635 635 46
579 182 3
670 85 1
1092 1092 15
223 421 1
28 24 11
200 21 346
1213 1429 12
1224 1429 1
398 1429 3
1225 1225 6
1226 887 1
1159 1429 1
24 170 2
919 833 1
667 138 1
450 406 1
792 1429 11
379 55 5
1227 1227 4
107 364 1
1228 1429 1
467 338 2
189 1273 1
1229 1429 1
78 1197 1
1230 1429 1
1182 1182 7
379 223 12
24 385 44
599 22 2
1231 1429 1
943 1201 1
24 33 2
321 425 1
1232 1429 1
58 58 12
222 562 1
971 1429 1
65 65 425
24 51 1
680 1018 1
249 602 2
24 1429 38517
111 636 1
24 528 6
44 40 1
1233 1429 9
529 529 28
587 431 1
40 690 2
361 95 1
198 379 1
24 1288 1
105 957 1
321 96 1
1234 1234 14
267 15 3
1216 1429 1
64 1231 1
971 1033 1
40 761 3
21 585 1
1190 1190 39
782 1009 2
745 745 43
1235 1235 6
601 601 498
1194 351 1
96 21 1
310 1429 5
82 1429 9
518 21 4
21 619 1
579 1409 2
1236 1236 17
630 630 72
13 1072 7
1237 1429 18
1112 300 1
1238 1429 8
15 1071 1
514 1429 2
1194 244 1
979 21 1
102 94 35
1201 81 1
71 110 10
251 251 115
24 608 2
307 1103 2
82 82 865
550 1310 2
189 189 331
40 919 1
950 950 148
1175 1175 16
1239 1429 2
55 173 1
1240 1429 1
1241 1241 25
190 1 1
24 472 1
822 332 1
33 539 1
94 575 1
1196 1196 73
636 379 1
317 317 383
217 1429 7
254 254 464
681 681 111
278 894 3
1038 1038 38
1242 1242 103
346 1096 1
115 200 7
1243 1429 1
831 1429 1
740 740 14
1244 1429 2
667 299 1
110 207 1
806 216 1
289 1429 3
399 541 1
944 303 1
398 152 2
24 777 5
39 21 16
1153 194 1
21 682 4
890 890 4
1245 1245 4
144 244 1
73 1429 1
1246 1429 7
9 80 1
573 1395 1
1122 1429 1
1247 762 1
558 1429 1
1187 1187 11
574 1429 1
330 28 1
361 21 30
1054 510 1
3 3 604
1248 1429 1
1249 1429 1
706 420 1
40 1329 1
528 934 4
201 1429 4
868 868 665
96 1429 32
455 455 22205
55 39 5
21 522 1
822 822 237
349 21 8
1250 1429 3
300 189 3
256 18 1
55 1104 4
1247 1247 3
1251 105 1
190 1298 6
40 1268 1
1197 1429 15
793 793 104
1210 276 1
708 708 24
24 212 63
294 294 266
40 317 2
323 24 164
21 363 4
379 1339 7
1163 1429 1
857 436 1
55 440 3
21 94 164
872 441 1
24 636 1
55 207 2
1252 160 1
1253 1253 15
633 555 1
1150 1429 1
80 80 90
489 21 1
903 1429 1
1002 21 27
651 1429 1
14 28 1
24 138 2
1254 1254 24
1221 1221 7
971 971 88
385 1429 227
349 55 2
28 3 2
883 1429 2
330 822 1
839 839 15
366 503 1
1198 1198 63
1 28 1
191 949 3
660 1429 3
1197 21 23
1255 1429 1
52 94 3
24 1322 1
337 94 3
1256 1429 1
178 287 1
1257 1429 1
24 1091 1
717 693 1
21 455 9
636 688 1
876 876 15
18 149 12
52 219 1
1258 1429 6
337 10 5
318 55 2
307 307 152
776 776 312
385 55 204
39 395 2
340 238 1
664 330 1
18 55 1
1259 1429 3
1260 1260 30
90 90 10
21 518 3
994 980 1
40 71 1
1064 1358 1
445 1429 6
1112 1429 1
1261 1429 1
120 1429 4
1032 106 1
21 1071 5
445 111 1
253 55 3
269 338 1
24 189 1
1262 1429 17
886 24 1
317 896 1
274 40 1
28 10 3
937 937 11
690 310 1
1263 1429 176
24 317 3
984 984 17
321 102 12
178 10 1
701 701 10
214 806 1
338 467 1
1264 1429 2
453 1050 1
1265 1429 2
669 669 6
690 1429 1
500 500 1087
1023 384 1
55 382 3
178 223 9
223 149 3
35 135 1
184 24 1
997 997 12
40 55 15
115 1429 241
1266 1429 7
87 21 7
898 1356 1
55 379 3
251 994 2
895 895 144
344 1429 1
1048 1118 1
1267 1429 1
1268 1429 10489
1194 1194 75
21 18 2
474 1146 1
218 24 1
249 249 151
426 24 2
42 1135 2
420 420 159
1269 1269 75
1 1 4532
694 1429 2
1092 1429 1
40 551 1
385 24 20
1270 1429 1
55 626 1
96 270 1
85 55 3
897 1139 11
468 55 2
538 1429 1
24 346 4
1253 719 1
1271 1429 1
1272 1429 1
712 426 5
40 336 3
515 1149 50
55 850 36
123 378 1
642 642 15
1273 1429 1
1274 1274 1
843 843 84
385 551 2
65 549 2
1107 1107 167
952 952 20
379 24 7
1029 1029 20
115 207 2
71 40 2
382 1364 2
21 1151 1
564 1090 1
1275 457 1
361 1429 101
963 1429 1
768 768 46
85 85 1852
1182 252 1
1276 1429 3
321 190 4
428 170 1
691 713 1
21 408 1
905 21 1
1277 1429 1
40 687 1
217 797 3
643 643 84
457 1126 1
24 400 9
196 347 1
1075 1075 29
138 426 1
40 389 3
597 597 1
1278 1278 13
287 21 16
375 1084 3
1210 1210 66
476 1429 2
185 214 1
515 200 2
1279 1429 2
602 1429 1
375 1104 1
40 1342 1
924 631 1
1280 1429 1
1281 1429 2
660 21 1
472 472 121
28 94 46
872 872 40
583 1429 1
21 163 1
55 1341 1
257 91 4
24 761 20
892 24 1
577 24 1
318 1258 3
52 21 55
1026 1026 44
223 21 11
195 195 6
710 1180 1
1282 1282 1
782 379 2
21 1 25
110 1429 63
33 223 1
785 1170 1
172 172 251
467 583 1
527 138 1
96 516 1
24 471 2
690 156 1
55 619 1
198 507 1
1283 843 1
88 88 93
1284 1429 1
279 569 1
120 697 1
40 1321 2
1285 1429 21
1286 1429 1
924 924 39
1211 710 1
316 389 1
138 889 2
114 114 8214
1287 1287 86
789 789 22
14 1429 4
40 951 1
778 778 13
94 96 1
161 582 1
71 321 1
212 212 9274
85 1376 6
55 267 2
233 233 10
23 1429 4
1080 1080 15
1288 1429 18
21 562 50
276 158 1
981 636 1
3 1161 1
1132 1132 79
1083 1083 27
138 24 1
692 55 5
1179 1179 8
1131 1131 13
521 24 2
120 11 1
21 1149 1
40 792 1
107 107 109
102 779 1
24 24 3743075
312 126 1
134 880 1
339 223 1
1289 1429 11
302 1372 2
21 882 1
528 528 479
490 1429 7
10 18 3
223 223 11505
223 1223 39
24 895 1
385 379 4
122 24 2
422 850 14
473 1429 1
1290 1429 1
239 40 2
1291 1429 5
260 260 719
217 1350 1
178 178 1834
102 703 4
995 995 12
1128 67 1
1292 1429 8
1293 1293 8
389 1077 2
1294 1429 7
467 1162 1
55 1036 1
1295 1429 152
451 451 7
1215 1215 3
1202 1202 21
551 55 117
796 796 68
1296 1296 69
188 188 139
421 865 1
773 784 1
21 971 4
196 1429 1
606 1327 1
600 340 2
21 324 5
24 1142 1
780 780 6
110 1285 20
310 657 1
40 24 4614
514 870 1
337 148 2
432 1220 3
973 571 1
21 103 3
1297 1297 24
1298 1429 6
1064 1064 50
1299 1429 34
98 24 1
399 33 1
21 660 3
102 822 1
682 906 2
1300 1429 11
33 55 1
1197 225 5
168 21 8
1301 1429 1
1302 1429 1
40 490 2
1303 1429 1
1236 239 1
72 223 2
836 1429 3
190 190 2213
320 24 1
741 741 25
1188 1188 4
794 794 282
21 1153 1
1116 718 1
23 24 1
21 337 6
55 52 47
56 677 1
677 1429 1
7 32 1
1304 1429 1
1293 1429 1
450 742 1
1227 1429 1
24 551 7
510 1367 1
867 693 1
162 13 1
55 257 4
24 94 23
54 1429 1
422 250 12
1305 1429 1
298 466 1
314 777 1
843 683 1
777 1164 1
21 805 4
1306 1429 1
418 1302 1
63 766 1
24 71 16
21 144 1
736 736 2
40 802 2
1307 1429 27
24 897 8
987 212 1
213 950 1
805 200 1
24 577 1
418 848 1
361 24 11
240 21 5
71 224 1
1308 1429 1
40 346 1
783 237 1
1309 1429 1
1310 1429 2
100 458 1
115 115 25334
1206 536 1
298 24 2
1144 338 1
102 222 2
947 947 38
1278 1323 1
897 24 1
562 1429 53
662 662 74
1311 1429 3
1312 1429 1
558 558 121
55 414 5
117 1429 1
401 12 2
490 1207 1
70 24 1
294 68 1
466 886 1
93 93 38
1170 1182 1
453 1032 1
24 144 6
401 401 31
973 224 2
61 863 2
927 910 1
599 33 1
1313 1429 2
94 1104 1
634 635 1
457 235 1
60 123 2
1038 1232 1
244 1429 19
110 1388 1
1314 1429 2
240 1429 3
260 24 2
345 345 324
718 718 7
330 1429 1
1105 55 1
656 989 1
309 309 39
1315 1429 1
278 1429 5
721 21 15
123 321 2
250 1429 2
1 321 2
723 723 6
24 227 1
178 122 2
237 24 1
576 974 1
1216 1073 1
21 122 3
323 761 2
397 1429 24
932 617 1
196 24 4
21 33 1
1316 1429 13
94 94 28564
989 470 1
1317 1317 14
647 647 112
1016 1016 28
382 21 7
1118 1017 1
1183 1183 10
21 382 7
24 23 2
1318 1429 1
24 703 1
24 1085 1
771 1255 1
1234 799 1
100 18 1
633 460 1
583 777 1
71 56 1
35 514 1
40 274 2
138 138 929
21 71 7
184 184 154
189 975 1
151 151 46
24 166 2
207 21 490
1146 1146 69
1279 644 1
1319 1429 1
55 1429 14438
397 410 7
945 680 1
40 810 3
5 1288 11
21 1002 10
55 318 3
52 55 71
777 777 1127
487 24 1
365 365 112
1105 454 6
244 449 4
370 1429 2
395 395 3976
1320 1429 1
321 21 2
426 1429 3
866 432 1
224 24 1
5 85 1
119 1429 2
71 24 2
1321 1321 12
319 265 1
346 61 2
806 1429 3
55 250 1
467 376 1
292 244 1
223 757 32
1137 1137 50
535 24 1
346 981 1
307 476 1
1322 1429 68
24 1410 1
1323 1323 8
1324 1429 1
1325 180 1
1326 1429 1
1034 159 1
89 149 1
366 1429 4
768 1429 2
148 1429 22
18 10 4
4 4 98
622 588 1
21 411 1
110 244 1
322 322 124
742 705 1
159 952 1
403 403 7
382 55 1
268 36 1
771 1429 2
1327 1327 13
846 911 2
21 721 13
119 192 1
1108 1108 14
89 10 1
24 905 1
942 1429 1
1328 1429 1
1329 1329 35
1225 1429 1
281 281 362
1330 1429 1
198 1429 132
40 1055 3
989 1427 1
224 1429 3
24 184 1
169 55 10
24 393 1
805 805 336
1132 21 2
119 119 121
172 1261 1
18 223 1
564 913 1
368 368 190
459 359 1
1088 1088 20
1105 551 1
793 120 1
62 24 1
330 974 1
414 414 291
21 761 5
55 1268 14
21 102 411
55 1140 1
796 69 1
550 256 4
24 294 4
1040 2 1
24 521 2
478 389 1
271 271 1043
24 663 4
1331 933 1
682 682 111
1044 1312 1
1332 1429 1
1333 1333 1
287 102 1
270 1429 8
1334 1334 1
161 161 38
524 919 1
172 287 2
1243 1243 26
951 995 1
779 478 1
55 261 1
21 846 2
672 625 1
278 18 5
287 379 1
211 211 30
149 94 1
24 321 28
24 101 6
21 962 1
870 870 31
140 779 1
339 1360 1
201 258 1
110 71 3
1168 1168 5
1335 1429 2
94 15 1
795 224 1
55 55 1416430
854 1429 1
1336 701 1
345 24 1
795 1420 1
428 1429 10
1054 1429 1
712 1301 1
1337 1429 2
1068 1068 43
1271 1271 90
198 278 1
40 284 1
738 738 1
106 106 9
1147 107 1
149 148 1
1127 1127 145
256 134 2
33 102 1
24 843 1
1338 1429 1
207 207 51368
21 359 9
411 411 638
9 989 1
337 149 1
518 518 344
197 55 1
405 24 2
518 1429 4
65 346 2
1339 1429 7
55 287 1
33 599 1
761 323 3
490 1275 1
425 425 30
92 1429 1
187 187 3
1340 1340 4
1341 1429 1
337 24 2
24 217 3
1279 1279 149
1342 1342 45
1251 1251 10
585 852 1
250 55 4
394 394 18
222 1429 62
917 10 1
1287 1429 1
805 1429 2
349 212 1
9 758 1
1162 1162 3
129 1429 1
61 61 402
1044 55 7
1327 1429 1
21 398 1
24 587 3
1343 1343 1
35 35 262
148 149 2
1344 346 1
200 727 2
94 882 87
317 675 2
1130 900 1
40 1127 3
1345 1429 1
578 578 648
24 1071 2
379 85 2
946 50 1
21 137 1
10 759 19
208 1429 1
21 191 6
55 240 2
822 462 1
1043 1043 40
631 24 1
24 550 1
1079 1079 1
1346 645 1
183 1252 1
1144 1144 46
33 337 11
361 361 8598
417 1429 1
321 109 17
550 94 1
1347 1429 1
21 790 2
836 21 4
21 551 137
1252 1252 6
1044 1429 5
563 1429 1
527 527 22
253 253 421
132 21 9
226 935 1
21 456 3
33 18 3
1348 1219 1
159 1160 1
1349 1349 14
636 651 1
463 463 51
262 1382 1
96 1 10
55 21 2891
395 163 9
1063 1429 1
71 126 2
21 1248 1
40 1269 2
1350 1429 1
24 244 2
547 1020 1
786 786 1
101 1411 1
223 52 3
64 1299 34
94 1268 1
515 369 30
444 444 53
783 1429 2
534 279 1
636 636 254
368 24 1
470 470 22
268 24 1
21 110 43
1351 1429 1
24 737 1
372 372 14
440 440 219
257 1401 3
1352 1429 1
981 981 94
321 452 23
589 589 94
96 1203 5
1353 1353 28
797 1429 1
178 1250 3
24 313 3
40 932 1
1354 1429 1
24 1381 1
21 764 1
1355 1429 1
582 582 83
303 426 1
1356 1429 1
91 91 11594
105 105 69
18 337 1
1212 415 1
21 84 1
883 155 1
21 400 2
1219 1219 11
560 1429 1
24 223 19
55 630 1
1357 1357 3
200 115 4
1358 291 1
115 515 1
1359 1429 2
562 1104 1
508 508 30
207 1 4
693 138 5
138 1199 1
1340 24 1
565 299 1
442 442 22
1360 1429 1
1105 361 2
24 62 1
21 563 2
464 1429 1
550 18 3
585 585 154
905 1429 1
104 104 1
1361 473 1
40 68 1
406 1429 2
92 937 1
615 615 52
1362 1429 1
5 24 9
1177 138 1
1032 1032 14
55 1422 1
761 761 4440
201 526 1
1363 1363 14
680 1043 1
1364 1429 2
484 24 10
28 18 3
897 1429 34
640 1076 1
200 1429 471
133 1429 1
829 829 35
24 581 4
1365 1365 109
172 310 1
1366 1429 37
323 1429 420
1367 1367 54
608 862 1
21 578 10
794 221 2
923 802 1
1368 1368 2
1024 650 1
713 713 3
398 361 3
389 1429 4
982 982 22
48 1429 1
24 59 2
950 818 2
1369 1429 2
24 85 4
1039 30 1
649 649 14
133 133 16
599 1429 5
238 1429 1
361 52 2
190 42 9
313 323 3
24 591 1
974 641 1
102 96 5
94 1429 323
40 1242 1
1370 1429 2
1371 907 1
971 1156 1
556 556 1234
675 1080 1
100 640 2
200 459 2
386 386 98
436 436 11
1 940 14
481 481 95
1097 1097 29
994 1215 1
1274 785 1
1034 585 2
881 881 8
562 562 5489
884 1429 1
55 692 5
490 854 1
1133 1133 45
1372 1004 1
68 68 128
516 314 1
784 784 117
283 97 1
1373 1429 1
1374 1429 1
1283 1283 4
21 28 41
50 31 1
957 1021 1
342 527 1
103 1429 4
429 429 21
24 1383 1
180 180 11
663 1429 5
898 898 608
138 28 1
181 903 1
91 21 12
329 24 1
496 92 1
98 1429 1
24 476 3
275 707 1
771 771 80
30 726 1
361 85 1
60 60 204
777 71 2
56 760 1
24 398 1
1375 1429 13
453 1210 1
1210 1429 2
1105 1429 11
459 515 1
1376 1429 6
247 247 36
467 602 1
136 425 1
115 21 233
1180 1180 11
10 94 3
21 1429 35763
190 1429 35
564 564 278
1315 1315 27
349 24 47
596 596 4
426 426 441
316 74 2
21 428 11
1377 1429 1
223 1429 104
797 421 2
1378 1429 1
395 318 10
274 1429 10
948 948 11
576 576 14
1146 1351 1
68 681 1
1 190 1
317 1429 2
925 925 82
1379 1429 6
40 1429 32727
1070 1070 13
224 224 322
589 1429 2
109 126 1
300 807 1
210 210 34
281 318 1
300 345 3
1380 1429 2
579 104 1
1381 24 1
1382 734 1
110 102 3
21 197 1
21 64 73
24 389 1
1383 1429 1
294 1306 1
398 24 1
100 1429 1
1334 1429 1
1384 1429 23
1385 1429 1
389 338 1
149 223 4
209 209 4
585 439 1
457 709 1
769 804 1
847 847 67
10 148 2
1254 1429 1
1361 1361 13
6 6 6
21 168 7
370 24 1
1386 1429 2
534 439 1
100 10 1
94 24 10
1387 1429 1
21 39 17
178 55 3
365 1234 1
1146 1429 2
840 840 27
1372 1372 50
15 85 1
1036 1036 91
1388 1429 1
260 998 4
64 1429 81
553 745 1
376 376 40
964 1257 1
1153 1153 26
21 375 17
956 956 8
974 974 75
1389 1429 1
791 791 45
375 1051 2
24 670 1
657 1391 1
1390 1429 2
730 1308 1
396 396 9
1391 1429 1
1151 1151 48
1392 1429 232
490 1048 2
923 201 1
486 55 1
330 330 159
1393 1429 1
164 1082 1
9 1038 1
1394 1429 1
1057 1057 2
96 1392 1
21 469 1
24 680 2
347 24 1
773 773 140
1197 1197 1693
276 1429 2
1395 1429 1
767 464 1
1192 18 1
804 804 6
493 399 1
55 24 293
1396 1429 1
422 1262 17
1002 1002 9537
663 24 2
1047 1429 1
1397 1429 3
21 459 32
270 188 3
21 836 5
825 706 1
337 628 6
1137 1078 1
150 421 2
1287 65 2
1002 1429 82
573 1429 1
56 777 2
693 1429 6
1160 1160 53
1172 94 1
578 94 1
1398 1429 17
1399 1429 80
1184 1184 3
4 328 1
834 455 1
1400 1429 1
1202 1429 1
380 55 1
227 1429 1
300 300 487
703 207 4
40 450 1
1372 1038 1
1279 55 1
223 24 7
1123 828 1
244 94 2
33 383 1
602 1034 1
875 174 1
1333 1429 1
1368 1429 1
469 469 14
662 21 1
162 200 22
828 828 69
1141 1374 1
848 848 13
28 300 1
324 21 3
24 261 1
733 927 1
838 838 6
200 1268 2
94 321 10
479 479 60
185 779 2
925 102 1
953 567 1
8 24 1
688 1429 3
3 21 1
827 1429 2
24 768 2
1401 1429 3
797 150 1
102 528 3
21 815 1
1381 1381 4
55 5 4
361 547 1
953 1429 1
21 686 1
814 1429 1
21 1337 1
836 836 237
148 24 6
110 1268 1
1161 1429 1
24 95 16
656 1429 2
955 955 1
1402 417 1
1358 1358 9
89 197 1
40 126 1
389 389 260
102 109 7
1403 1429 1
346 1287 1
554 21 10
633 633 59
289 289 192
399 1429 2
310 505 1
321 579 1
111 361 4
55 581 1
317 890 1
337 18 3
517 734 1
256 85 1
405 1429 7
1194 1429 1
789 1251 1
392 392 2
1404 1429 2
24 303 1
282 282 6
428 554 2
509 509 3
921 921 46
244 21 2
411 55 5
453 63 1
120 864 1
24 426 3
24 534 1
422 55 36
634 634 29
200 162 19
1405 1429 1
190 96 9
1406 676 1
503 1429 1
184 1028 1
507 507 44
1353 1429 1
878 340 1
207 601 1
178 18 1
347 278 1
52 24 2
682 1429 1
3 295 4
24 1048 2
695 695 4
33 149 3
793 24 1
1407 1429 4
534 1429 2
24 249 1
28 102 25
794 782 2
985 985 13
863 61 1
179 623 1
1344 1344 10
585 1429 1
481 753 1
842 877 1
698 698 2
547 1429 5
472 434 1
1402 1402 1
9 9 146
1408 1429 38
1406 1406 4
24 222 5
317 1092 2
823 823 3
1409 1429 2
198 317 1
562 24 1
655 655 15
276 621 1
1410 1410 7
799 799 14
150 1429 2
1411 1429 1
1218 1429 1
273 1429 16
17 749 1
24 218 1
52 52 11764
1189 1189 14
1331 878 1
24 418 1
361 551 34
21 554 11
110 94 10
247 1245 1
1241 1429 1
620 945 1
1412 1429 14
1113 1086 1
5 599 1
1291 1291 545
110 109 2
359 55 1
52 85 2
1413 1429 2
471 751 2
1414 1429 1
872 1256 1
143 521 1
55 349 3
200 200 44449
1415 1429 1
280 1412 2
521 1429 1
300 28 1
21 115 237
1416 1429 1
55 385 146
1161 1161 29
40 1363 1
191 21 2
28 223 1
55 114 60
391 712 1
55 311 15
779 185 1
167 1429 1
102 1429 768
24 141 1
40 1349 1
693 689 1
109 345 1
207 115 2
1331 1331 50
1410 1429 1
1160 41 1
95 24 12
702 389 1
564 492 1
24 502 1
550 1429 8
779 312 1
677 677 70
1164 1164 15
1417 1429 4
327 74 1
1325 1325 17
1085 1085 39
1087 1429 1
21 1099 1
94 110 11
55 437 2
294 1315 1
737 634 1
4 14 1
920 24 1
24 111 9
1418 1429 1
579 322 1
1105 915 1
883 9 3
346 198 1
21 281 13
265 265 52
272 272 101
779 144 1
155 1429 1
1204 214 1
514 99 1
1124 276 1
298 298 39
670 361 1
21 215 1
123 574 1
35 8 2
352 1429 1
1419 1429 1
276 1146 1
61 538 2
1420 1429 1
191 1429 1
1421 1421 50
862 862 22
141 24 1
102 1392 220
1422 692 1
1423 1429 4
1357 185 1
303 303 122
145 426 1
782 65 1
21 559 1
728 728 32
549 688 1
40 1002 2
1424 1429 1
447 361 1
1034 1034 170
703 703 3107
1222 993 1
459 200 2
24 198 74
875 875 49
61 690 2
337 102 2
36 36 1
398 21 4
287 654 1
323 21 67
155 185 1
844 27 1
257 55 6
1320 1320 12
501 1429 2
51 402 1
338 330 1
891 891 3
1346 1346 2
24 579 1
1425 1429 1
806 806 120
100 498 1
267 55 1
1269 1429 1
1213 24 3
107 164 1
1062 442 1
21 91 9
449 449 124
1042 1429 1
1060 1429 1
468 1429 2
77 77 73
40 276 1
1426 1429 1
1427 1429 1
587 317 1
932 832 1
888 888 1
1382 1382 6
501 309 1
5 65 1
547 379 2
1297 1429 1
262 262 133
845 24 1
455 102 1
367 1014 1
736 292 1
637 21 1
280 1429 8
148 1408 1
1234 1342 1
1055 1429 3
1428 381 1
422 422 4091
152 1352 1
802 234 1
983 983 112
228 565 2
373 373 6
474 474 55
375 1429 18
601 1429 4
164 1214 1
122 929 6
562 518 2
313 1429 10
1354 1354 6
