r02e-1, rmax=2*r0, mu = [3.8e-3,3.9e-3,4.0e-3,4.1e-3,4.2e-3,4.3e-3], coefs=[0.06165244500978044, 0.13867399469597846, -0.017049255397021127, -0.09034255337021255, -0.0981337621350467, -0.1752535778143104], errs= [0.0016794565475690558, 0.00166662983267066, 0.0015808634718624504, 0.0011103175002024407, 0.001259055919856851, 0.001146757013624745]

r_list = [1e-2,5e-2,1e-1,1.5e-1,2e-1,3e-1,4e-1]
results = [4.453628136629774, 4.332617059164303, 4.055761840732329, 3.9712194250880537, 3.8974296448241046, 3.6639805983185076, 3.312205370824906]

r_prop_list = [1.1,1.3,1.5,1.7,1.9,2.0]
results = [0.7244620559739835, 1.839249541755525, 2.702834451305818, 3.4428535693634204, 3.772987893517739, 3.9]

r0=1e-1
r_prop_list = [1.0, 1.1, 1.2, 1.3, 1.4, 1.5, 1.6, 1.7, 1.8, 1.9, 2.0]
results = [-0.4158352907980398, 0.6303304674071923, 1.3111376701836392, 1.8717385698531082, 2.2813267042543086, 2.714301499015218, 3.016390309307885, 3.3412554248202246, 3.623913563740224, 3.8037502160314958, 4.034784035310721]

r0=2e-1
r_prop_list = [1.0, 1.1, 1.2, 1.3, 1.4, 1.5, 1.6, 1.7, 1.8, 1.9, 2.0]
results = [-0.6101874390439277, 0.6226682669930774, 1.2917773010287472, 1.8387745389776091, 2.2434712898547584, 2.660774128739252, 2.9356429157955044, 3.1821620335205547, 3.4130647650803505, 3.625270864316522, 3.8084414875435573]