1 105 1
2 2 15
3 145 1
4 4 13
5 5 7
6 6 22
7 168 1
8 36 1
9 9 145
10 10 1
11 39 1
12 12 13
13 11 1
14 10 1
15 15 3
16 58 1
17 17 21
18 18 5
19 19 8
20 21 1
21 21 51
16 139 1
22 22 17
23 23 3
16 99 57
24 24 3
25 199 1
16 75 1
26 16 12
16 200 4
27 27 122
28 28 1
29 29 20
30 16 1
31 44 1
32 124 1
33 16 1
34 57 1
35 35 32
36 112 1
37 37 21
5 59 1
38 63 1
16 142 1
22 16 1
39 2 1
40 40 1
41 41 20
42 42 7
43 43 14
44 72 1
45 19 1
38 38 9
46 46 3
47 47 21
21 61 1
48 48 1245
49 49 2331
50 16 1
51 51 10
52 52 21
53 47 1
54 130 1
55 16 2
56 16 1
57 140 1
58 109 1
59 59 9
60 60 136
61 16 1
62 62 6
63 45 1
16 77 1
64 64 1
42 104 1
65 65 4746
16 72 1
66 16 2
67 190 1
68 68 7
69 92 1
70 70 5
54 54 2
71 71 2
16 42 1
72 72 31
73 52 1
16 55 2
74 155 1
16 49 19
75 16 1
76 76 2
17 135 1
77 88 1
78 78 1
16 178 1
79 16 1
80 80 4
81 81 189
82 82 64
58 83 1
83 16 1
84 84 2
85 85 14
86 16 1
87 64 1
88 146 1
49 16 17
89 89 8
90 16 1
91 4 1
92 5 1
93 153 1
94 16 1
95 95 4
96 96 1
16 48 9
97 96 1
36 36 8
16 113 1
35 90 1
98 98 10
99 16 44
100 100 8
101 101 12
16 121 1
102 16 1
46 181 1
93 93 2
27 16 1
88 88 1
103 103 1
39 39 10
104 169 1
105 105 7
106 106 5
107 136 1
42 16 1
16 63 1
11 11 13
16 134 1
108 116 1
77 77 40
32 32 2
109 109 21
110 110 1
111 111 3
16 25 1
68 16 1
14 14 2
63 63 17
112 112 11
16 141 8
72 147 1
113 16 1
114 114 14
19 13 1
86 86 53
114 7 1
40 201 1
6 16 1
115 172 1
2 187 1
107 107 1
116 116 7
117 117 30
118 118 9
119 119 507
120 120 4
16 104 1
121 16 1
122 122 1085
123 110 1
124 124 7
3 30 1
16 78 1
16 173 1
125 125 4
126 48 1
127 196 1
33 33 5
128 128 4
110 138 1
52 152 1
129 129 5
130 130 1
3 101 1
3 160 1
37 16 1
131 43 1
16 6 1
132 132 29
48 16 8
133 93 1
13 13 3
16 159 1
134 16 1
44 44 5
85 139 1
135 202 1
125 24 1
103 163 1
136 136 11
137 131 1
138 194 1
116 114 1
134 134 47
16 117 1
76 38 1
139 139 22
140 129 1
16 122 7
41 23 1
141 141 1436
128 77 1
142 16 1
143 16 7
144 198 1
50 50 5
16 138 2
145 145 2
16 3 3
16 148 1
146 154 1
147 147 50
148 148 15
149 149 8
119 16 4
150 132 1
43 28 1
151 120 1
152 152 19
153 192 1
28 107 1
31 31 3
3 95 1
25 25 22
7 7 5
154 74 1
98 3 1
120 156 1
155 69 1
121 121 44
58 58 16
67 67 2
16 126 1
112 171 1
156 127 1
122 16 6
157 46 1
152 14 1
16 94 1
53 53 2
158 68 1
109 20 1
159 16 1
160 3 1
161 161 6
129 53 1
162 111 1
16 9 1
161 166 1
144 144 18
155 155 11
163 163 4
164 16 1
151 151 2
158 158 1
165 54 1
166 177 1
167 167 14
34 34 4
153 153 6
16 157 1
15 41 1
118 51 1
150 150 3
168 80 1
16 26 19
169 176 1
170 149 1
171 16 1
66 66 92
55 55 113
135 135 6
78 16 1
172 172 3
173 173 5
174 17 1
142 142 11
3 161 1
16 143 7
175 175 9
176 185 1
177 195 1
104 104 45
139 174 1
16 179 1
178 178 70
105 16 1
177 177 10
172 179 1
65 99 3
146 146 4
173 16 1
179 179 9
152 103 1
179 186 1
176 176 7
16 152 1
87 87 8
16 65 53
16 108 1
136 167 1
35 115 1
175 97 1
108 150 1
180 32 1
147 175 1
96 73 1
80 15 1
148 16 1
171 171 7
111 182 1
181 181 10
133 133 3
56 56 1
182 79 1
99 99 5864
100 16 1
183 183 2
138 138 37
137 137 10
124 84 1
16 27 1
3 3 70
157 157 3
47 123 1
140 140 7
138 151 1
94 94 42
184 184 9
75 75 43
16 60 3
74 74 8
185 185 4
182 182 7
186 158 1
73 73 4
72 183 1
187 189 1
16 191 20
184 193 1
9 16 1
188 162 1
189 42 1
126 126 27
116 76 1
174 174 3
65 16 39
180 180 4
59 197 1
45 45 1
159 159 17
181 108 1
138 22 1
16 81 2
113 113 55
62 1 1
92 92 3
141 16 5
51 170 1
190 16 1
16 119 4
1 1 8
185 91 1
191 16 6
139 71 1
50 31 1
81 16 2
16 66 2
16 89 1
192 35 1
29 37 1
193 193 11
89 16 1
77 188 1
16 56 1
194 194 2
64 34 1
95 25 1
106 133 1
21 12 1
12 67 1
69 69 1
195 106 1
101 35 1
149 137 1
26 26 1366
196 98 1
16 102 1
194 16 1
115 115 2
63 16 1
191 191 1925
162 162 8
123 123 4
10 29 1
143 143 645
179 58 1
16 21 1
197 16 1
198 198 4
23 8 1
145 40 1
166 166 1
4 144 1
130 164 1
16 86 1
198 85 1
24 62 1
199 16 1
132 184 1
188 188 5
71 165 1
16 16 1637790
199 199 2
167 33 1
16 100 1
193 180 1
16 82 1
91 91 2
108 108 46
104 16 1
84 16 1
25 118 1
16 116 1
183 125 1
163 87 1
200 200 135
102 102 106
30 30 16
20 20 1
201 3 1
99 65 1
202 128 1
57 57 5
